<?xml version="1.0" encoding="utf-8"?>
<COLLADA xmlns="http://www.collada.org/2005/11/COLLADASchema" version="1.4.1">
  <asset>
    <contributor>
      <author>Mixamo</author>
      <authoring_tool>COLLADA Mixamo exporter</authoring_tool>
      <comments/>
    </contributor>
    <created>2025-12-06T04:44:42Z</created>
    <modified>2025-12-06T04:44:42Z</modified>
    <revision/>
    <title/>
    <unit meter="0.010000"/>
    <up_axis>Y_UP</up_axis>
  </asset>
  <library_animations>
    <animation id="mixamorig_Hips-anim" name="mixamorig_Hips">
      <source id="mixamorig_Hips-Matrix-animation-input">
        <float_array id="mixamorig_Hips-Matrix-animation-input-array" count="103">

0.000000 0.033333 0.066667 0.100000 0.133333 0.166667 0.200000 0.233333 0.266667 0.300000 0.333333 0.366667 0.400000 0.433333 0.466667 0.500000
0.533333 0.566667 0.600000 0.633333 0.666667 0.700000 0.733333 0.766667 0.800000 0.833333 0.866667 0.900000 0.933333 0.966667 1.000000 1.033333
1.066667 1.100000 1.133333 1.166667 1.200000 1.233333 1.266667 1.300000 1.333333 1.366667 1.400000 1.433333 1.466667 1.500000 1.533333 1.566667
1.600000 1.633333 1.666667 1.700000 1.733333 1.766667 1.800000 1.833333 1.866667 1.900000 1.933333 1.966667 2.000000 2.033333 2.066667 2.100000
2.133333 2.166667 2.200000 2.233333 2.266667 2.300000 2.333333 2.366667 2.400000 2.433333 2.466667 2.500000 2.533333 2.566667 2.600000 2.633333
2.666667 2.700000 2.733333 2.766667 2.800000 2.833333 2.866667 2.900000 2.933333 2.966667 3.000000 3.033333 3.066667 3.100000 3.133333 3.166667
3.200000 3.233333 3.266667 3.300000 3.333333 3.366667 3.400000</float_array>
        <technique_common>
          <accessor source="#mixamorig_Hips-Matrix-animation-input-array" count="103">
            <param name="TIME" type="float"/>
          </accessor>
        </technique_common>
      </source>
      <source id="mixamorig_Hips-Matrix-animation-output-transform">
        <float_array id="mixamorig_Hips-Matrix-animation-output-transform-array" count="1648">

0.932484 0.080097 0.352218 -87.114418 0.045411 0.941372 -0.334299 100.313499 -0.358345 0.327724 0.874177 -9.196566 0.000000 0.000000 0.000000 1.000000
0.912960 0.110996 0.392664 -87.966827 0.024362 0.945750 -0.323981 101.759102 -0.407322 0.305348 0.860727 -10.874395 0.000000 0.000000 0.000000 1.000000
0.891817 0.137393 0.431028 -88.588234 0.004618 0.949953 -0.312359 102.860367 -0.452373 0.280558 0.846550 -12.583117 0.000000 0.000000 0.000000 1.000000
0.870311 0.157562 0.466619 -89.084175 -0.012382 0.954145 -0.299090 103.405510 -0.492347 0.254524 0.832353 -14.272642 0.000000 0.000000 0.000000 1.000000
0.850682 0.168617 0.497903 -89.574570 -0.023860 0.958569 -0.283859 103.357941 -0.525138 0.229594 0.819461 -15.961392 0.000000 0.000000 0.000000 1.000000
0.834253 0.169244 0.524765 -90.089973 -0.027895 0.963463 -0.266385 102.707512 -0.550676 0.207594 0.808493 -17.881090 0.000000 0.000000 0.000000 1.000000
0.820822 0.160855 0.548066 -90.583870 -0.027920 0.969679 -0.242781 101.405563 -0.570501 0.183978 0.800425 -20.415804 0.000000 0.000000 0.000000 1.000000
0.811028 0.143800 0.567059 -91.092018 -0.028613 0.977909 -0.207063 99.480675 -0.584307 0.151709 0.797226 -23.657932 0.000000 0.000000 0.000000 1.000000
0.806206 0.118228 0.579702 -91.656647 -0.031393 0.986998 -0.157635 97.072983 -0.590801 0.108888 0.799436 -27.057610 0.000000 0.000000 0.000000 1.000000
0.811167 0.086300 0.578412 -92.125679 -0.035743 0.994519 -0.098258 94.429298 -0.583721 0.059029 0.809806 -29.891033 0.000000 0.000000 0.000000 1.000000
0.824171 0.063067 0.562818 -92.160500 -0.044451 0.997918 -0.046729 91.905579 -0.564594 0.013495 0.825259 -31.850374 0.000000 0.000000 0.000000 1.000000
0.837621 0.056428 0.543329 -91.588547 -0.058854 0.998183 -0.012936 89.877396 -0.543072 -0.021142 0.839420 -33.127426 0.000000 0.000000 0.000000 1.000000
0.847313 0.065433 0.527048 -90.327614 -0.076711 0.997053 -0.000459 88.851219 -0.525525 -0.040041 0.849835 -33.546974 0.000000 0.000000 0.000000 1.000000
0.852988 0.087459 0.514551 -89.012039 -0.096590 0.995283 -0.009049 88.902824 -0.512916 -0.041982 0.857412 -33.497898 0.000000 0.000000 0.000000 1.000000
0.855624 0.116876 0.504230 -86.605743 -0.113403 0.992834 -0.037696 89.705315 -0.505022 -0.024927 0.862746 -31.547594 0.000000 0.000000 0.000000 1.000000
0.855785 0.152827 0.494242 -84.151146 -0.128078 0.988217 -0.083804 91.147659 -0.501226 0.008417 0.865275 -28.530449 0.000000 0.000000 0.000000 1.000000
0.855197 0.185977 0.483787 -80.298317 -0.133612 0.980964 -0.140915 92.792145 -0.500785 0.055871 0.863767 -23.761398 0.000000 0.000000 0.000000 1.000000
0.856417 0.208080 0.472496 -75.765350 -0.126254 0.971806 -0.199129 94.313370 -0.500610 0.110883 0.858542 -18.247700 0.000000 0.000000 0.000000 1.000000
0.861004 0.212926 0.461882 -71.107864 -0.104822 0.962941 -0.248511 95.402893 -0.497679 0.165554 0.851415 -12.788580 0.000000 0.000000 0.000000 1.000000
0.868526 0.201173 0.452981 -66.487534 -0.074460 0.956512 -0.282028 95.849243 -0.490018 0.211220 0.845736 -7.562988 0.000000 0.000000 0.000000 1.000000
0.876865 0.183432 0.444365 -62.261257 -0.049279 0.953770 -0.296471 95.813622 -0.478204 0.238068 0.845367 -3.743758 0.000000 0.000000 0.000000 1.000000
0.885617 0.166641 0.433490 -59.075882 -0.036165 0.955319 -0.293355 95.575134 -0.463006 0.244122 0.852074 -0.161834 0.000000 0.000000 0.000000 1.000000
0.894439 0.155011 0.419465 -55.734688 -0.034933 0.959354 -0.280035 95.600723 -0.445824 0.235821 0.863498 1.729519 0.000000 0.000000 0.000000 1.000000
0.902076 0.145521 0.406303 -52.741722 -0.035528 0.963283 -0.266128 95.667480 -0.430112 0.225633 0.874125 3.784897 0.000000 0.000000 0.000000 1.000000
0.906649 0.136296 0.399263 -49.675156 -0.032475 0.966116 -0.256057 95.636032 -0.420634 0.219188 0.880354 5.701085 0.000000 0.000000 0.000000 1.000000
0.908481 0.126360 0.398365 -46.316364 -0.026628 0.968761 -0.246562 95.499748 -0.417076 0.213390 0.883466 7.086014 0.000000 0.000000 0.000000 1.000000
0.911290 0.112552 0.396085 -42.725414 -0.018998 0.972386 -0.232604 95.273033 -0.411327 0.204445 0.888264 8.600548 0.000000 0.000000 0.000000 1.000000
0.918981 0.094076 0.382914 -38.930096 -0.010555 0.976642 -0.214615 95.108307 -0.394160 0.193185 0.898508 9.746821 0.000000 0.000000 0.000000 1.000000
0.930392 0.073279 0.359166 -35.257675 -0.000334 0.979984 -0.199076 94.824440 -0.366565 0.185099 0.911794 11.370926 0.000000 0.000000 0.000000 1.000000
0.939507 0.055568 0.337991 -31.549229 0.011134 0.981277 -0.192278 94.454094 -0.342347 0.184410 0.921299 12.840712 0.000000 0.000000 0.000000 1.000000
0.941075 0.042454 0.335522 -28.222565 0.025054 0.980613 -0.194349 94.017998 -0.337268 0.191303 0.921766 14.657431 0.000000 0.000000 0.000000 1.000000
0.934401 0.037293 0.354266 -25.138601 0.036441 0.979281 -0.199203 93.790878 -0.354354 0.199045 0.913682 15.035707 0.000000 0.000000 0.000000 1.000000
0.923219 0.041413 0.382035 -22.272697 0.038580 0.979164 -0.199373 93.297356 -0.382332 0.198804 0.902385 16.605484 0.000000 0.000000 0.000000 1.000000
0.913670 0.057762 0.402331 -18.241137 0.022864 0.980979 -0.192761 93.025665 -0.405813 0.185319 0.894971 16.679153 0.000000 0.000000 0.000000 1.000000
0.910538 0.080117 0.405587 -12.910936 -0.003040 0.982314 -0.187215 93.274857 -0.413414 0.169233 0.894678 15.949493 0.000000 0.000000 0.000000 1.000000
0.917183 0.106398 0.383999 -6.052915 -0.031243 0.979927 -0.196894 93.783852 -0.397240 0.168591 0.902096 15.035522 0.000000 0.000000 0.000000 1.000000
0.932837 0.133682 0.334582 3.136219 -0.057307 0.971849 -0.228528 94.339134 -0.355713 0.194005 0.914238 13.079659 0.000000 0.000000 0.000000 1.000000
0.951490 0.154503 0.266075 12.772953 -0.080316 0.959517 -0.269955 94.514992 -0.297013 0.235490 0.925380 11.247193 0.000000 0.000000 0.000000 1.000000
0.965127 0.168112 0.200671 22.221336 -0.103748 0.949414 -0.296395 94.371078 -0.240348 0.265239 0.933746 9.661797 0.000000 0.000000 0.000000 1.000000
0.971483 0.175530 0.159405 30.921381 -0.123225 0.948124 -0.293047 94.099258 -0.202574 0.265047 0.942716 7.805635 0.000000 0.000000 0.000000 1.000000
0.974043 0.176016 0.142332 37.482147 -0.132903 0.953682 -0.269866 93.255798 -0.183240 0.243945 0.952320 6.167897 0.000000 0.000000 0.000000 1.000000
0.975807 0.178179 0.126699 42.843307 -0.142425 0.957728 -0.249945 92.753899 -0.165878 0.225853 0.959935 4.976605 0.000000 0.000000 0.000000 1.000000
0.980200 0.169216 0.102825 46.109001 -0.139406 0.958542 -0.248523 91.319717 -0.140616 0.229268 0.963153 3.709837 0.000000 0.000000 0.000000 1.000000
0.984623 0.162504 0.064105 49.261780 -0.140570 0.954900 -0.261547 90.731949 -0.103716 0.248514 0.963060 1.871736 0.000000 0.000000 0.000000 1.000000
0.987900 0.154136 0.017172 52.076244 -0.143367 0.949846 -0.277917 90.656281 -0.059148 0.272092 0.960452 0.070502 0.000000 0.000000 0.000000 1.000000
0.989418 0.141139 -0.033647 55.266010 -0.144818 0.946320 -0.288974 91.269966 -0.008945 0.290789 0.956746 -1.830344 0.000000 0.000000 0.000000 1.000000
0.989038 0.120248 -0.085700 58.072258 -0.140366 0.945804 -0.292836 92.431152 0.045842 0.301656 0.952314 -3.545700 0.000000 0.000000 0.000000 1.000000
0.986227 0.092321 -0.137237 60.688057 -0.129600 0.946859 -0.294383 93.843559 0.102766 0.308115 0.945782 -5.458907 0.000000 0.000000 0.000000 1.000000
0.980499 0.061518 -0.186645 62.966213 -0.116719 0.946381 -0.301231 95.208603 0.158107 0.317142 0.935106 -7.732460 0.000000 0.000000 0.000000 1.000000
0.972092 0.032781 -0.232299 65.103798 -0.107464 0.942416 -0.316708 96.330536 0.208541 0.332833 0.919638 -9.957606 0.000000 0.000000 0.000000 1.000000
0.962110 0.005635 -0.272604 67.098457 -0.101045 0.935968 -0.337274 97.439293 0.253248 0.352040 0.901073 -12.418179 0.000000 0.000000 0.000000 1.000000
0.951569 -0.022007 -0.306645 69.033875 -0.093600 0.929344 -0.357154 98.565315 0.292839 0.368559 0.882275 -14.766558 0.000000 0.000000 0.000000 1.000000
0.940937 -0.051405 -0.334657 71.190231 -0.082084 0.924287 -0.372767 99.672035 0.328481 0.378220 0.865477 -16.942339 0.000000 0.000000 0.000000 1.000000
0.930496 -0.078877 -0.357709 73.017792 -0.068712 0.921620 -0.381961 100.697144 0.359800 0.379992 0.852144 -19.203287 0.000000 0.000000 0.000000 1.000000
0.920959 -0.098903 -0.376898 75.178177 -0.057650 0.922022 -0.382821 101.179985 0.385371 0.374291 0.843443 -21.375875 0.000000 0.000000 0.000000 1.000000
0.912524 -0.117691 -0.391725 77.334564 -0.041592 0.926046 -0.375112 100.575691 0.406903 0.358592 0.840144 -24.820503 0.000000 0.000000 0.000000 1.000000
0.907063 -0.130910 -0.400124 79.788979 -0.023938 0.932850 -0.359470 99.192902 0.420314 0.335640 0.843020 -28.548243 0.000000 0.000000 0.000000 1.000000
0.904449 -0.137721 -0.403739 82.280357 -0.005681 0.942478 -0.334219 97.003242 0.426544 0.304577 0.851641 -32.091682 0.000000 0.000000 0.000000 1.000000
0.903304 -0.138776 -0.405935 85.100342 0.013265 0.954815 -0.296904 94.168686 0.428796 0.262810 0.864329 -36.535748 0.000000 0.000000 0.000000 1.000000
0.904147 -0.127369 -0.407793 87.992897 0.023202 0.967755 -0.250823 91.062180 0.426591 0.217319 0.877948 -40.736950 0.000000 0.000000 0.000000 1.000000
0.906886 -0.105948 -0.407839 90.112747 0.021238 0.978137 -0.206875 88.082916 0.420840 0.178950 0.889309 -43.867565 0.000000 0.000000 0.000000 1.000000
0.909694 -0.085546 -0.406373 91.349136 0.013683 0.984196 -0.176554 85.741943 0.415054 0.155050 0.896487 -46.029514 0.000000 0.000000 0.000000 1.000000
0.910359 -0.074871 -0.406989 91.379181 0.007225 0.986222 -0.165269 84.328079 0.413756 0.147514 0.898357 -46.656235 0.000000 0.000000 0.000000 1.000000
0.907817 -0.080690 -0.411529 90.570847 0.008926 0.984810 -0.173405 84.212975 0.419270 0.153747 0.894748 -45.996609 0.000000 0.000000 0.000000 1.000000
0.902797 -0.102611 -0.417646 88.738327 0.018973 0.979677 -0.199683 85.419991 0.429648 0.172349 0.886396 -43.803638 0.000000 0.000000 0.000000 1.000000
0.897573 -0.131971 -0.420649 85.516273 0.030085 0.970255 -0.240207 87.650124 0.439837 0.202949 0.874846 -40.459846 0.000000 0.000000 0.000000 1.000000
0.894605 -0.155302 -0.419003 81.484222 0.032224 0.957644 -0.286146 90.301628 0.445695 0.242486 0.861717 -36.315445 0.000000 0.000000 0.000000 1.000000
0.895303 -0.163130 -0.414514 77.377960 0.021371 0.945191 -0.325817 92.780197 0.444946 0.282846 0.849718 -31.665634 0.000000 0.000000 0.000000 1.000000
0.899164 -0.156011 -0.408858 73.005241 0.003416 0.936767 -0.349936 94.515373 0.437598 0.313253 0.842840 -27.171061 0.000000 0.000000 0.000000 1.000000
0.905200 -0.141729 -0.400657 69.529785 -0.010942 0.934668 -0.355352 95.283707 0.424845 0.326049 0.844511 -23.577845 0.000000 0.000000 0.000000 1.000000
0.911617 -0.129273 -0.390182 66.490700 -0.015010 0.938155 -0.345891 95.067276 0.410766 0.321177 0.853298 -21.126862 0.000000 0.000000 0.000000 1.000000
0.920520 -0.112026 -0.374290 63.462105 -0.019594 0.943567 -0.330602 94.842331 0.390204 0.311659 0.866377 -18.771017 0.000000 0.000000 0.000000 1.000000
0.929891 -0.094349 -0.355528 60.645138 -0.025931 0.947325 -0.319222 94.646164 0.366919 0.306061 0.878463 -16.937860 0.000000 0.000000 0.000000 1.000000
0.938173 -0.075686 -0.337793 57.701717 -0.036965 0.948322 -0.315148 94.326775 0.344189 0.308150 0.886892 -15.133347 0.000000 0.000000 0.000000 1.000000
0.944216 -0.054996 -0.324703 54.648048 -0.052597 0.948119 -0.313535 93.894875 0.325100 0.313123 0.892336 -13.462350 0.000000 0.000000 0.000000 1.000000
0.948129 -0.029427 -0.316521 51.339413 -0.073273 0.948663 -0.307685 93.550171 0.309326 0.314917 0.897299 -11.823717 0.000000 0.000000 0.000000 1.000000
0.950819 0.002798 -0.309734 47.823502 -0.099449 0.949775 -0.296709 93.586609 0.293347 0.312920 0.903343 -10.024876 0.000000 0.000000 0.000000 1.000000
0.953339 0.039892 -0.299255 44.514240 -0.129493 0.949451 -0.285961 94.004028 0.272720 0.311369 0.910315 -7.870384 0.000000 0.000000 0.000000 1.000000
0.956449 0.076198 -0.281778 41.639748 -0.158334 0.946403 -0.281515 94.627159 0.245225 0.313870 0.917251 -5.588379 0.000000 0.000000 0.000000 1.000000
0.960181 0.104445 -0.259122 39.322601 -0.179371 0.941550 -0.285147 95.154861 0.214194 0.320272 0.922793 -3.558487 0.000000 0.000000 0.000000 1.000000
0.964387 0.117428 -0.237000 36.870556 -0.186263 0.937691 -0.293327 95.195198 0.187788 0.327025 0.926170 -1.910566 0.000000 0.000000 0.000000 1.000000
0.967588 0.117282 -0.223648 34.345142 -0.182618 0.936651 -0.298892 94.965332 0.174425 0.330046 0.927710 -0.798031 0.000000 0.000000 0.000000 1.000000
0.970421 0.102957 -0.218365 29.720732 -0.166385 0.940607 -0.295931 93.408249 0.174927 0.323510 0.929915 0.276523 0.000000 0.000000 0.000000 1.000000
0.971149 0.086923 -0.222067 23.572002 -0.148998 0.948237 -0.280440 91.223206 0.186196 0.305436 0.933831 1.600737 0.000000 0.000000 0.000000 1.000000
0.970604 0.072212 -0.229596 17.388109 -0.131425 0.958172 -0.254231 89.452316 0.201634 0.276932 0.939496 3.052158 0.000000 0.000000 0.000000 1.000000
0.972482 0.047541 -0.228076 10.815357 -0.100726 0.968532 -0.227597 88.478874 0.210079 0.244307 0.946668 3.964571 0.000000 0.000000 0.000000 1.000000
0.977600 0.007119 -0.210350 3.612598 -0.053709 0.974777 -0.216623 88.780655 0.203502 0.223069 0.953324 4.084258 0.000000 0.000000 0.000000 1.000000
0.983714 -0.041799 -0.174811 -5.123185 0.000122 0.972738 -0.231905 90.440620 0.179738 0.228107 0.956902 3.640764 0.000000 0.000000 0.000000 1.000000
0.989191 -0.085272 -0.119289 -16.187141 0.050977 0.962764 -0.265492 91.823616 0.137486 0.256541 0.956705 3.911188 0.000000 0.000000 0.000000 1.000000
0.992816 -0.106533 -0.054474 -26.631458 0.085678 0.950761 -0.297846 92.330780 0.083523 0.291039 0.953058 4.018116 0.000000 0.000000 0.000000 1.000000
0.993722 -0.111737 0.005668 -36.374859 0.107715 0.941795 -0.318463 91.929062 0.030246 0.317074 0.947918 4.105346 0.000000 0.000000 0.000000 1.000000
0.992363 -0.114052 0.046988 -45.086281 0.123202 0.935231 -0.331909 91.881531 -0.006089 0.335163 0.942140 3.837227 0.000000 0.000000 0.000000 1.000000
0.991320 -0.115760 0.062321 -52.150711 0.130243 0.929336 -0.345502 92.334709 -0.017922 0.350620 0.936346 3.427304 0.000000 0.000000 0.000000 1.000000
0.991193 -0.116705 0.062584 -58.706085 0.131455 0.924259 -0.358420 93.099045 -0.016015 0.363490 0.931460 2.726016 0.000000 0.000000 0.000000 1.000000
0.991634 -0.111283 0.065410 -63.951473 0.127611 0.921442 -0.366960 93.652023 -0.019435 0.372237 0.927934 1.993819 0.000000 0.000000 0.000000 1.000000
0.991723 -0.098786 0.082015 -67.924187 0.122432 0.919988 -0.372334 94.109077 -0.038672 0.379294 0.924468 1.180321 0.000000 0.000000 0.000000 1.000000
0.990771 -0.082482 0.107561 -71.325241 0.117519 0.918141 -0.378427 94.734116 -0.067543 0.387575 0.919361 0.234440 0.000000 0.000000 0.000000 1.000000
0.988819 -0.064263 0.134566 -74.593224 0.111134 0.919263 -0.377631 95.548706 -0.099434 0.388364 0.916126 -0.949631 0.000000 0.000000 0.000000 1.000000
0.985142 -0.044210 0.165954 -77.730591 0.104263 0.921810 -0.373358 96.302719 -0.136471 0.385113 0.912723 -2.349003 0.000000 0.000000 0.000000 1.000000
0.978741 -0.022227 0.203891 -80.643448 0.097323 0.925394 -0.366299 96.932098 -0.180537 0.378355 0.907884 -3.840237 0.000000 0.000000 0.000000 1.000000
0.969168 0.002655 0.246388 -83.166710 0.088407 0.929618 -0.357764 97.567101 -0.229997 0.368515 0.900721 -5.329784 0.000000 0.000000 0.000000 1.000000
0.956673 0.032071 0.289394 -85.148094 0.074139 0.934324 -0.348629 98.406746 -0.281569 0.354979 0.891464 -6.827973 0.000000 0.000000 0.000000 1.000000
0.941268 0.063796 0.331580 -86.574257 0.055834 0.939066 -0.339172 99.582291 -0.333013 0.337765 0.880351 -8.375614 0.000000 0.000000 0.000000 1.000000</float_array>
        <technique_common>
          <accessor source="#mixamorig_Hips-Matrix-animation-output-transform-array" count="103" stride="16">
            <param type="float4x4"/>
          </accessor>
        </technique_common>
      </source>
      <source id="mixamorig_Hips-Interpolations">
        <Name_array id="mixamorig_Hips-Interpolations-array" count="103">
 LINEAR LINEAR LINEAR LINEAR LINEAR LINEAR LINEAR LINEAR LINEAR LINEAR LINEAR
LINEAR LINEAR LINEAR LINEAR LINEAR LINEAR LINEAR LINEAR LINEAR LINEAR LINEAR LINEAR
LINEAR LINEAR LINEAR LINEAR LINEAR LINEAR LINEAR LINEAR LINEAR LINEAR LINEAR LINEAR
LINEAR LINEAR LINEAR LINEAR LINEAR LINEAR LINEAR LINEAR LINEAR LINEAR LINEAR LINEAR
LINEAR LINEAR LINEAR LINEAR LINEAR LINEAR LINEAR LINEAR LINEAR LINEAR LINEAR LINEAR
LINEAR LINEAR LINEAR LINEAR LINEAR LINEAR LINEAR LINEAR LINEAR LINEAR LINEAR LINEAR
LINEAR LINEAR LINEAR LINEAR LINEAR LINEAR LINEAR LINEAR LINEAR LINEAR LINEAR LINEAR
LINEAR LINEAR LINEAR LINEAR LINEAR LINEAR LINEAR LINEAR LINEAR LINEAR LINEAR LINEAR
LINEAR LINEAR LINEAR LINEAR LINEAR LINEAR LINEAR LINEAR</Name_array>
        <technique_common>
          <accessor source="#mixamorig_Hips-Interpolations-array" count="103">
            <param type="name"/>
          </accessor>
        </technique_common>
      </source>
      <sampler id="mixamorig_Hips-Matrix-animation-transform">
        <input semantic="INPUT" source="#mixamorig_Hips-Matrix-animation-input"/>
        <input semantic="OUTPUT" source="#mixamorig_Hips-Matrix-animation-output-transform"/>
        <input semantic="INTERPOLATION" source="#mixamorig_Hips-Interpolations"/>
      </sampler>
      <channel source="#mixamorig_Hips-Matrix-animation-transform" target="mixamorig_Hips/matrix"/>
    </animation>
    <animation id="mixamorig_Spine-anim" name="mixamorig_Spine">
      <source id="mixamorig_Spine-Matrix-animation-input">
        <float_array id="mixamorig_Spine-Matrix-animation-input-array" count="103">

0.000000 0.033333 0.066667 0.100000 0.133333 0.166667 0.200000 0.233333 0.266667 0.300000 0.333333 0.366667 0.400000 0.433333 0.466667 0.500000
0.533333 0.566667 0.600000 0.633333 0.666667 0.700000 0.733333 0.766667 0.800000 0.833333 0.866667 0.900000 0.933333 0.966667 1.000000 1.033333
1.066667 1.100000 1.133333 1.166667 1.200000 1.233333 1.266667 1.300000 1.333333 1.366667 1.400000 1.433333 1.466667 1.500000 1.533333 1.566667
1.600000 1.633333 1.666667 1.700000 1.733333 1.766667 1.800000 1.833333 1.866667 1.900000 1.933333 1.966667 2.000000 2.033333 2.066667 2.100000
2.133333 2.166667 2.200000 2.233333 2.266667 2.300000 2.333333 2.366667 2.400000 2.433333 2.466667 2.500000 2.533333 2.566667 2.600000 2.633333
2.666667 2.700000 2.733333 2.766667 2.800000 2.833333 2.866667 2.900000 2.933333 2.966667 3.000000 3.033333 3.066667 3.100000 3.133333 3.166667
3.200000 3.233333 3.266667 3.300000 3.333333 3.366667 3.400000</float_array>
        <technique_common>
          <accessor source="#mixamorig_Spine-Matrix-animation-input-array" count="103">
            <param name="TIME" type="float"/>
          </accessor>
        </technique_common>
      </source>
      <source id="mixamorig_Spine-Matrix-animation-output-transform">
        <float_array id="mixamorig_Spine-Matrix-animation-output-transform-array" count="1648">

0.963385 -0.147930 -0.223622 0.072000 0.084984 0.959494 -0.268604 7.257300 0.254298 0.239765 0.936934 -0.789700 0.000000 0.000000 0.000000 1.000000
0.955496 -0.163233 -0.245730 0.072000 0.102176 0.964526 -0.243413 7.257300 0.276746 0.207473 0.938279 -0.789700 0.000000 0.000000 0.000000 1.000000
0.945953 -0.174190 -0.273554 0.072000 0.116111 0.969502 -0.215833 7.257300 0.302807 0.172406 0.937328 -0.789700 0.000000 0.000000 0.000000 1.000000
0.935084 -0.178217 -0.306361 0.072000 0.124259 0.974365 -0.187543 7.257300 0.331931 0.137301 0.933258 -0.789700 0.000000 0.000000 0.000000 1.000000
0.926438 -0.172561 -0.334568 0.072000 0.120912 0.978060 -0.169643 7.257300 0.356501 0.116711 0.926976 -0.789700 0.000000 0.000000 0.000000 1.000000
0.923506 -0.160810 -0.348248 0.072000 0.105874 0.979474 -0.171528 7.257300 0.368683 0.121537 0.921576 -0.789700 0.000000 0.000000 0.000000 1.000000
0.924303 -0.151816 -0.350165 0.072000 0.086617 0.976983 -0.194941 7.257300 0.371700 0.149854 0.916178 -0.789700 0.000000 0.000000 0.000000 1.000000
0.927691 -0.146164 -0.343548 0.072000 0.063161 0.968359 -0.241437 7.257300 0.367968 0.202280 0.907570 -0.789700 0.000000 0.000000 0.000000 1.000000
0.934302 -0.135170 -0.329862 0.072000 0.030299 0.952086 -0.304325 7.257300 0.355192 0.274337 0.893632 -0.789700 0.000000 0.000000 0.000000 1.000000
0.944299 -0.115545 -0.308139 0.072000 -0.008531 0.927427 -0.373908 7.257300 0.328979 0.355710 0.874782 -0.789700 0.000000 0.000000 0.000000 1.000000
0.954178 -0.100454 -0.281875 0.072000 -0.034716 0.898448 -0.437706 7.257300 0.297219 0.427435 0.853792 -0.789700 0.000000 0.000000 0.000000 1.000000
0.960188 -0.100357 -0.260704 0.072000 -0.041079 0.872373 -0.487112 7.257300 0.276317 0.478429 0.833519 -0.789700 0.000000 0.000000 0.000000 1.000000
0.960756 -0.111338 -0.254071 0.072000 -0.036805 0.856655 -0.514575 7.257300 0.274943 0.503732 0.818938 -0.789700 0.000000 0.000000 0.000000 1.000000
0.956392 -0.126175 -0.263427 0.072000 -0.029265 0.855951 -0.516229 7.257300 0.290615 0.501426 0.814932 -0.789700 0.000000 0.000000 0.000000 1.000000
0.948228 -0.143707 -0.283218 0.072000 -0.016340 0.868512 -0.495398 7.257300 0.317171 0.474378 0.821199 -0.789700 0.000000 0.000000 0.000000 1.000000
0.938754 -0.170890 -0.299229 0.072000 0.014027 0.886596 -0.462331 7.257300 0.344303 0.429818 0.834693 -0.789700 0.000000 0.000000 0.000000 1.000000
0.929896 -0.202838 -0.306840 0.072000 0.057272 0.903876 -0.423944 7.257300 0.363337 0.376651 0.852127 -0.789700 0.000000 0.000000 0.000000 1.000000
0.922745 -0.228594 -0.310302 0.072000 0.098261 0.918044 -0.384109 7.257300 0.372676 0.323943 0.869582 -0.789700 0.000000 0.000000 0.000000 1.000000
0.917896 -0.237482 -0.317914 0.072000 0.121001 0.930501 -0.345726 7.257300 0.377923 0.278873 0.882839 -0.789700 0.000000 0.000000 0.000000 1.000000
0.916296 -0.231019 -0.327157 0.072000 0.124750 0.940862 -0.314985 7.257300 0.380577 0.247807 0.890928 -0.789700 0.000000 0.000000 0.000000 1.000000
0.919468 -0.226385 -0.321447 0.072000 0.126318 0.944341 -0.303749 7.257300 0.372320 0.238683 0.896888 -0.789700 0.000000 0.000000 0.000000 1.000000
0.928637 -0.233175 -0.288554 0.072000 0.136434 0.937934 -0.318849 7.257300 0.344992 0.256727 0.902813 -0.789700 0.000000 0.000000 0.000000 1.000000
0.940477 -0.248073 -0.232299 0.072000 0.156190 0.922552 -0.352850 7.257300 0.301840 0.295565 0.906385 -0.789700 0.000000 0.000000 0.000000 1.000000
0.950737 -0.257583 -0.172482 0.072000 0.174845 0.905016 -0.387782 7.257300 0.255986 0.338520 0.905470 -0.789700 0.000000 0.000000 0.000000 1.000000
0.958118 -0.257632 -0.125046 0.072000 0.185154 0.890401 -0.415818 7.257300 0.218469 0.375250 0.900810 -0.789700 0.000000 0.000000 0.000000 1.000000
0.963785 -0.251000 -0.090093 0.072000 0.186790 0.876493 -0.443701 7.257300 0.190335 0.410804 0.891635 -0.789700 0.000000 0.000000 0.000000 1.000000
0.970403 -0.234875 -0.056134 0.072000 0.180182 0.858975 -0.479267 7.257300 0.160785 0.454968 0.875872 -0.789700 0.000000 0.000000 0.000000 1.000000
0.979030 -0.203397 -0.011367 0.072000 0.167959 0.837513 -0.519963 7.257300 0.115278 0.507150 0.854113 -0.789700 0.000000 0.000000 0.000000 1.000000
0.986606 -0.157520 0.042374 0.072000 0.154413 0.818140 -0.553898 7.257300 0.052583 0.553022 0.831505 -0.789700 0.000000 0.000000 0.000000 1.000000
0.989585 -0.111554 0.090984 0.072000 0.143608 0.808748 -0.570354 7.257300 -0.009958 0.577479 0.816345 -0.789700 0.000000 0.000000 0.000000 1.000000
0.989933 -0.079935 0.116803 0.072000 0.132592 0.812466 -0.567731 7.257300 -0.049517 0.577503 0.814885 -0.789700 0.000000 0.000000 0.000000 1.000000
0.990871 -0.068887 0.115883 0.072000 0.121929 0.824638 -0.552363 7.257300 -0.057511 0.561450 0.825510 -0.789700 0.000000 0.000000 0.000000 1.000000
0.992625 -0.074461 0.095663 0.072000 0.114408 0.836335 -0.536148 7.257300 -0.040084 0.543138 0.838686 -0.789700 0.000000 0.000000 0.000000 1.000000
0.993308 -0.093099 0.068357 0.072000 0.115224 0.839604 -0.530837 7.257300 -0.007972 0.535161 0.844712 -0.789700 0.000000 0.000000 0.000000 1.000000
0.993005 -0.112898 0.034581 0.072000 0.113733 0.835855 -0.537039 7.257300 0.031726 0.537215 0.842848 -0.789700 0.000000 0.000000 0.000000 1.000000
0.992794 -0.119831 -0.001131 0.072000 0.100317 0.836212 -0.539153 7.257300 0.065553 0.535155 0.842207 -0.789700 0.000000 0.000000 0.000000 1.000000
0.994310 -0.102367 -0.029464 0.072000 0.072078 0.850205 -0.521494 7.257300 0.078434 0.516403 0.852746 -0.789700 0.000000 0.000000 0.000000 1.000000
0.997146 -0.061738 -0.043457 0.072000 0.032651 0.871623 -0.489088 7.257300 0.068073 0.486273 0.871151 -0.789700 0.000000 0.000000 0.000000 1.000000
0.998808 -0.020305 -0.044395 0.072000 -0.003043 0.881729 -0.471747 7.257300 0.048723 0.471319 0.880616 -0.789700 0.000000 0.000000 0.000000 1.000000
0.999010 0.002732 -0.044404 0.072000 -0.024376 0.868575 -0.494957 7.257300 0.037216 0.495550 0.867782 -0.789700 0.000000 0.000000 0.000000 1.000000
0.998586 0.007786 -0.052581 0.072000 -0.035258 0.837291 -0.545619 7.257300 0.039777 0.546702 0.836382 -0.789700 0.000000 0.000000 0.000000 1.000000
0.998295 0.004299 -0.058204 0.072000 -0.037667 0.809233 -0.586279 7.257300 0.044580 0.587472 0.808016 -0.789700 0.000000 0.000000 0.000000 1.000000
0.997592 0.014300 -0.067872 0.072000 -0.051908 0.802950 -0.593782 7.257300 0.046006 0.595875 0.801758 -0.789700 0.000000 0.000000 0.000000 1.000000
0.997285 0.033801 -0.065429 0.072000 -0.065280 0.816985 -0.572952 7.257300 0.034088 0.575667 0.816973 -0.789700 0.000000 0.000000 0.000000 1.000000
0.996769 0.060751 -0.052535 0.072000 -0.079524 0.838119 -0.539660 7.257300 0.011246 0.542094 0.840243 -0.789700 0.000000 0.000000 0.000000 1.000000
0.995332 0.091591 -0.030417 0.072000 -0.094304 0.856022 -0.508265 7.257300 -0.020515 0.508761 0.860663 -0.789700 0.000000 0.000000 0.000000 1.000000
0.992131 0.125196 -0.001363 0.072000 -0.110207 0.868081 -0.484036 7.257300 -0.059416 0.480377 0.875047 -0.789700 0.000000 0.000000 0.000000 1.000000
0.986825 0.158302 0.033430 0.072000 -0.125220 0.878116 -0.461770 7.257300 -0.102455 0.451500 0.886369 -0.789700 0.000000 0.000000 0.000000 1.000000
0.979971 0.185320 0.072887 0.072000 -0.136463 0.891506 -0.431966 7.257300 -0.145031 0.413368 0.898940 -0.789700 0.000000 0.000000 0.000000 1.000000
0.972402 0.202247 0.116321 0.072000 -0.142466 0.909536 -0.390445 7.257300 -0.184765 0.363098 0.913248 -0.789700 0.000000 0.000000 0.000000 1.000000
0.963742 0.212000 0.162041 0.072000 -0.146840 0.928409 -0.341312 7.257300 -0.222798 0.305143 0.925877 -0.789700 0.000000 0.000000 0.000000 1.000000
0.953479 0.218462 0.207729 0.072000 -0.152884 0.944316 -0.291366 7.257300 -0.259814 0.246053 0.933785 -0.789700 0.000000 0.000000 0.000000 1.000000
0.942501 0.223480 0.248492 0.072000 -0.161507 0.955522 -0.246765 7.257300 -0.292586 0.192443 0.936674 -0.789700 0.000000 0.000000 0.000000 1.000000
0.933866 0.224216 0.278608 0.072000 -0.167432 0.962513 -0.213388 7.257300 -0.316009 0.152628 0.936399 -0.789700 0.000000 0.000000 0.000000 1.000000
0.930299 0.216509 0.296088 0.072000 -0.162767 0.967055 -0.195731 7.257300 -0.328711 0.133895 0.934891 -0.789700 0.000000 0.000000 0.000000 1.000000
0.930109 0.208228 0.302553 0.072000 -0.152492 0.968338 -0.197654 7.257300 -0.334131 0.137703 0.932413 -0.789700 0.000000 0.000000 0.000000 1.000000
0.932618 0.196808 0.302475 0.072000 -0.133501 0.966889 -0.217492 7.257300 -0.335264 0.162456 0.928012 -0.789700 0.000000 0.000000 0.000000 1.000000
0.936673 0.185097 0.297291 0.072000 -0.108237 0.960355 -0.256909 7.257300 -0.333058 0.208462 0.919574 -0.789700 0.000000 0.000000 0.000000 1.000000
0.941988 0.176185 0.285688 0.072000 -0.081324 0.945599 -0.315006 7.257300 -0.325645 0.273499 0.905071 -0.789700 0.000000 0.000000 0.000000 1.000000
0.948748 0.160670 0.272144 0.072000 -0.048772 0.925245 -0.376223 7.257300 -0.312248 0.343668 0.885660 -0.789700 0.000000 0.000000 0.000000 1.000000
0.954978 0.136467 0.263427 0.072000 -0.012666 0.905872 -0.423362 7.257300 -0.296406 0.400965 0.866816 -0.789700 0.000000 0.000000 0.000000 1.000000
0.958568 0.113222 0.261395 0.072000 0.018766 0.890527 -0.454543 7.257300 -0.284243 0.440615 0.851507 -0.789700 0.000000 0.000000 0.000000 1.000000
0.959416 0.103100 0.262472 0.072000 0.036997 0.876702 -0.479609 7.257300 -0.279557 0.469855 0.837308 -0.789700 0.000000 0.000000 0.000000 1.000000
0.958707 0.117246 0.259103 0.072000 0.030173 0.863990 -0.502605 7.257300 -0.282791 0.489669 0.824775 -0.789700 0.000000 0.000000 0.000000 1.000000
0.955653 0.155693 0.249975 0.072000 -0.005960 0.858874 -0.512152 7.257300 -0.294436 0.487950 0.821713 -0.789700 0.000000 0.000000 0.000000 1.000000
0.948208 0.204369 0.243178 0.072000 -0.060344 0.867500 -0.493763 7.257300 -0.311867 0.453515 0.834903 -0.789700 0.000000 0.000000 0.000000 1.000000
0.936962 0.244508 0.249638 0.072000 -0.112484 0.887430 -0.447007 7.257300 -0.330833 0.390748 0.858991 -0.789700 0.000000 0.000000 0.000000 1.000000
0.925125 0.267280 0.269639 0.072000 -0.148818 0.908659 -0.390117 7.257300 -0.349281 0.320780 0.880400 -0.789700 0.000000 0.000000 0.000000 1.000000
0.915724 0.278512 0.289620 0.072000 -0.170229 0.921822 -0.348232 7.257300 -0.363965 0.269583 0.891546 -0.789700 0.000000 0.000000 0.000000 1.000000
0.910863 0.289747 0.293897 0.072000 -0.185659 0.923667 -0.335218 7.257300 -0.368591 0.250773 0.895128 -0.789700 0.000000 0.000000 0.000000 1.000000
0.908678 0.308352 0.281466 0.072000 -0.203449 0.915753 -0.346418 7.257300 -0.364573 0.257519 0.894858 -0.789700 0.000000 0.000000 0.000000 1.000000
0.910188 0.319488 0.263601 0.072000 -0.212884 0.906766 -0.363946 7.257300 -0.355301 0.275143 0.893341 -0.789700 0.000000 0.000000 0.000000 1.000000
0.913545 0.321237 0.249484 0.072000 -0.213256 0.900601 -0.378733 7.257300 -0.346349 0.292786 0.891246 -0.789700 0.000000 0.000000 0.000000 1.000000
0.919327 0.312882 0.238625 0.072000 -0.203595 0.897164 -0.391978 7.257300 -0.336729 0.311773 0.888488 -0.789700 0.000000 0.000000 0.000000 1.000000
0.927664 0.298918 0.223802 0.072000 -0.187545 0.891224 -0.412974 7.257300 -0.322903 0.341128 0.882817 -0.789700 0.000000 0.000000 0.000000 1.000000
0.938135 0.281767 0.201271 0.072000 -0.167330 0.877777 -0.448897 7.257300 -0.303155 0.387447 0.870621 -0.789700 0.000000 0.000000 0.000000 1.000000
0.950022 0.259210 0.173976 0.072000 -0.142568 0.856023 -0.496889 7.257300 -0.277727 0.447252 0.850196 -0.789700 0.000000 0.000000 0.000000 1.000000
0.962591 0.227133 0.147746 0.072000 -0.112405 0.830877 -0.544985 7.257300 -0.246543 0.507990 0.825326 -0.789700 0.000000 0.000000 0.000000 1.000000
0.974349 0.185346 0.127640 0.072000 -0.078220 0.810734 -0.580166 7.257300 -0.211013 0.555299 0.804435 -0.789700 0.000000 0.000000 0.000000 1.000000
0.982936 0.141389 0.117672 0.072000 -0.044094 0.802146 -0.595497 7.257300 -0.178587 0.580147 0.794693 -0.789700 0.000000 0.000000 0.000000 1.000000
0.987272 0.107587 0.117130 0.072000 -0.017347 0.804921 -0.593128 7.257300 -0.158093 0.583547 0.796542 -0.789700 0.000000 0.000000 0.000000 1.000000
0.988266 0.087829 0.124962 0.072000 0.001373 0.812994 -0.582270 7.257300 -0.152734 0.575609 0.803334 -0.789700 0.000000 0.000000 0.000000 1.000000
0.988412 0.079867 0.129086 0.072000 0.008992 0.818095 -0.575013 7.257300 -0.151529 0.569511 0.807896 -0.789700 0.000000 0.000000 0.000000 1.000000
0.988408 0.071746 0.133800 0.072000 0.018938 0.816147 -0.577534 7.257300 -0.150636 0.573373 0.805328 -0.789700 0.000000 0.000000 0.000000 1.000000
0.987862 0.060849 0.142922 0.072000 0.036074 0.805061 -0.592094 7.257300 -0.151089 0.590063 0.793094 -0.789700 0.000000 0.000000 0.000000 1.000000
0.987031 0.055255 0.150724 0.072000 0.050407 0.784737 -0.617776 7.257300 -0.152414 0.617362 0.771774 -0.789700 0.000000 0.000000 0.000000 1.000000
0.986258 0.057762 0.154786 0.072000 0.056317 0.763240 -0.643656 7.257300 -0.155318 0.643528 0.749499 -0.789700 0.000000 0.000000 0.000000 1.000000
0.986716 0.056088 0.152463 0.072000 0.057880 0.755542 -0.652538 7.257300 -0.151792 0.652694 0.742259 -0.789700 0.000000 0.000000 0.000000 1.000000
0.990490 0.029849 0.134306 0.072000 0.063323 0.767738 -0.637628 7.257300 -0.122145 0.640069 0.758547 -0.789700 0.000000 0.000000 0.000000 1.000000
0.994164 -0.027033 0.104433 0.072000 0.085373 0.788950 -0.608498 7.257300 -0.065943 0.613863 0.786654 -0.789700 0.000000 0.000000 0.000000 1.000000
0.993597 -0.090430 0.067725 0.072000 0.112963 0.805291 -0.582019 7.257300 -0.001906 0.585943 0.810350 -0.789700 0.000000 0.000000 0.000000 1.000000
0.991028 -0.128408 0.037079 0.072000 0.126756 0.815009 -0.565414 7.257300 0.042384 0.565041 0.823973 -0.789700 0.000000 0.000000 0.000000 1.000000
0.990978 -0.130821 0.029137 0.072000 0.124831 0.821780 -0.555963 7.257300 0.048788 0.554584 0.830696 -0.789700 0.000000 0.000000 0.000000 1.000000
0.992802 -0.112829 0.040168 0.072000 0.116252 0.827215 -0.549727 7.257300 0.028797 0.550440 0.834378 -0.789700 0.000000 0.000000 0.000000 1.000000
0.993608 -0.100141 0.052114 0.072000 0.112351 0.832162 -0.543032 7.257300 0.011012 0.545416 0.838093 -0.789700 0.000000 0.000000 0.000000 1.000000
0.993638 -0.103538 0.044317 0.072000 0.111270 0.841645 -0.528444 7.257300 0.017415 0.530013 0.847811 -0.789700 0.000000 0.000000 0.000000 1.000000
0.993462 -0.113397 0.013171 0.072000 0.104654 0.858563 -0.501914 7.257300 0.045607 0.500011 0.864817 -0.789700 0.000000 0.000000 0.000000 1.000000
0.992550 -0.118698 -0.027464 0.072000 0.091918 0.877515 -0.470658 7.257300 0.079966 0.464628 0.881888 -0.789700 0.000000 0.000000 0.000000 1.000000
0.990571 -0.118939 -0.067993 0.072000 0.077819 0.896931 -0.435269 7.257300 0.112755 0.425874 0.897729 -0.789700 0.000000 0.000000 0.000000 1.000000
0.986989 -0.118491 -0.108682 0.072000 0.066282 0.915686 -0.396392 7.257300 0.146487 0.384031 0.911626 -0.789700 0.000000 0.000000 0.000000 1.000000
0.981108 -0.120027 -0.151724 0.072000 0.059926 0.934244 -0.351563 7.257300 0.183944 0.335829 0.923787 -0.789700 0.000000 0.000000 0.000000 1.000000
0.974037 -0.127373 -0.187159 0.072000 0.064034 0.947958 -0.311891 7.257300 0.217145 0.291809 0.931502 -0.789700 0.000000 0.000000 0.000000 1.000000
0.966948 -0.140070 -0.213054 0.072000 0.076552 0.956525 -0.281423 7.257300 0.243211 0.255812 0.935633 -0.789700 0.000000 0.000000 0.000000 1.000000</float_array>
        <technique_common>
          <accessor source="#mixamorig_Spine-Matrix-animation-output-transform-array" count="103" stride="16">
            <param type="float4x4"/>
          </accessor>
        </technique_common>
      </source>
      <source id="mixamorig_Spine-Interpolations">
        <Name_array id="mixamorig_Spine-Interpolations-array" count="103">
 LINEAR LINEAR LINEAR LINEAR LINEAR LINEAR LINEAR LINEAR LINEAR LINEAR LINEAR
LINEAR LINEAR LINEAR LINEAR LINEAR LINEAR LINEAR LINEAR LINEAR LINEAR LINEAR LINEAR
LINEAR LINEAR LINEAR LINEAR LINEAR LINEAR LINEAR LINEAR LINEAR LINEAR LINEAR LINEAR
LINEAR LINEAR LINEAR LINEAR LINEAR LINEAR LINEAR LINEAR LINEAR LINEAR LINEAR LINEAR
LINEAR LINEAR LINEAR LINEAR LINEAR LINEAR LINEAR LINEAR LINEAR LINEAR LINEAR LINEAR
LINEAR LINEAR LINEAR LINEAR LINEAR LINEAR LINEAR LINEAR LINEAR LINEAR LINEAR LINEAR
LINEAR LINEAR LINEAR LINEAR LINEAR LINEAR LINEAR LINEAR LINEAR LINEAR LINEAR LINEAR
LINEAR LINEAR LINEAR LINEAR LINEAR LINEAR LINEAR LINEAR LINEAR LINEAR LINEAR LINEAR
LINEAR LINEAR LINEAR LINEAR LINEAR LINEAR LINEAR LINEAR</Name_array>
        <technique_common>
          <accessor source="#mixamorig_Spine-Interpolations-array" count="103">
            <param type="name"/>
          </accessor>
        </technique_common>
      </source>
      <sampler id="mixamorig_Spine-Matrix-animation-transform">
        <input semantic="INPUT" source="#mixamorig_Spine-Matrix-animation-input"/>
        <input semantic="OUTPUT" source="#mixamorig_Spine-Matrix-animation-output-transform"/>
        <input semantic="INTERPOLATION" source="#mixamorig_Spine-Interpolations"/>
      </sampler>
      <channel source="#mixamorig_Spine-Matrix-animation-transform" target="mixamorig_Spine/matrix"/>
    </animation>
    <animation id="mixamorig_Spine1-anim" name="mixamorig_Spine1">
      <source id="mixamorig_Spine1-Matrix-animation-input">
        <float_array id="mixamorig_Spine1-Matrix-animation-input-array" count="103">

0.000000 0.033333 0.066667 0.100000 0.133333 0.166667 0.200000 0.233333 0.266667 0.300000 0.333333 0.366667 0.400000 0.433333 0.466667 0.500000
0.533333 0.566667 0.600000 0.633333 0.666667 0.700000 0.733333 0.766667 0.800000 0.833333 0.866667 0.900000 0.933333 0.966667 1.000000 1.033333
1.066667 1.100000 1.133333 1.166667 1.200000 1.233333 1.266667 1.300000 1.333333 1.366667 1.400000 1.433333 1.466667 1.500000 1.533333 1.566667
1.600000 1.633333 1.666667 1.700000 1.733333 1.766667 1.800000 1.833333 1.866667 1.900000 1.933333 1.966667 2.000000 2.033333 2.066667 2.100000
2.133333 2.166667 2.200000 2.233333 2.266667 2.300000 2.333333 2.366667 2.400000 2.433333 2.466667 2.500000 2.533333 2.566667 2.600000 2.633333
2.666667 2.700000 2.733333 2.766667 2.800000 2.833333 2.866667 2.900000 2.933333 2.966667 3.000000 3.033333 3.066667 3.100000 3.133333 3.166667
3.200000 3.233333 3.266667 3.300000 3.333333 3.366667 3.400000</float_array>
        <technique_common>
          <accessor source="#mixamorig_Spine1-Matrix-animation-input-array" count="103">
            <param name="TIME" type="float"/>
          </accessor>
        </technique_common>
      </source>
      <source id="mixamorig_Spine1-Matrix-animation-output-transform">
        <float_array id="mixamorig_Spine1-Matrix-animation-output-transform-array" count="1648">

0.998973 -0.030333 -0.033663 0.000000 0.030965 0.999351 0.018393 8.558700 0.033083 -0.019417 0.999264 -0.000000 0.000000 0.000000 0.000000 1.000000
0.998056 -0.044783 -0.043342 0.000000 0.046039 0.998535 0.028435 8.558700 0.042005 -0.030375 0.998656 0.000000 0.000000 0.000000 0.000000 1.000000
0.997227 -0.055745 -0.049297 0.000000 0.056960 0.998098 0.023596 8.558700 0.047888 -0.026339 0.998505 0.000000 0.000000 0.000000 0.000000 1.000000
