<?xml version="1.0" encoding="utf-8"?>
<COLLADA xmlns="http://www.collada.org/2005/11/COLLADASchema" version="1.4.1">
  <asset>
    <contributor>
      <author>Mixamo</author>
      <authoring_tool>COLLADA Mixamo exporter</authoring_tool>
      <comments/>
    </contributor>
    <created>2025-12-24T07:34:48Z</created>
    <modified>2025-12-24T07:34:48Z</modified>
    <revision/>
    <title/>
    <unit meter="0.010000"/>
    <up_axis>Y_UP</up_axis>
  </asset>
  <library_animations>
    <animation id="mixamorig_Hips-anim" name="mixamorig_Hips">
      <source id="mixamorig_Hips-Matrix-animation-input">
        <float_array id="mixamorig_Hips-Matrix-animation-input-array" count="28">

0.000000 0.033333 0.066667 0.100000 0.133333 0.166667 0.200000 0.233333 0.266667 0.300000 0.333333 0.366667 0.400000 0.433333 0.466667 0.500000
0.533333 0.566667 0.600000 0.633333 0.666667 0.700000 0.733333 0.766667 0.800000 0.833333 0.866667 0.900000</float_array>
        <technique_common>
          <accessor source="#mixamorig_Hips-Matrix-animation-input-array" count="28">
            <param name="TIME" type="float"/>
          </accessor>
        </technique_common>
      </source>
      <source id="mixamorig_Hips-Matrix-animation-output-transform">
        <float_array id="mixamorig_Hips-Matrix-animation-output-transform-array" count="448">

0.969035 -0.000639 -0.246923 0.474720 -0.020932 0.996185 -0.084722 97.798050 0.246035 0.087267 0.965324 -2.238185 0.000000 0.000000 0.000000 1.000000
0.959903 -0.004912 -0.280288 0.434113 -0.022336 0.995327 -0.093938 95.643173 0.279440 0.096432 0.955309 -1.306429 0.000000 0.000000 0.000000 1.000000
0.948882 -0.009046 -0.315500 0.402333 -0.024066 0.994606 -0.100897 94.618477 0.314711 0.103333 0.943546 -0.327443 0.000000 0.000000 0.000000 1.000000
0.932383 -0.010859 -0.361308 0.395970 -0.025175 0.995171 -0.094875 98.499054 0.360593 0.097556 0.927607 0.939309 0.000000 0.000000 0.000000 1.000000
0.896246 -0.020302 -0.443092 0.287708 -0.015159 0.996966 -0.076342 106.030609 0.443297 0.075138 0.893220 3.059811 0.000000 0.000000 0.000000 1.000000
0.857706 -0.032078 -0.513138 0.227622 -0.003639 0.997648 -0.068450 115.828430 0.514127 0.060577 0.855572 4.770413 0.000000 0.000000 0.000000 1.000000
0.823612 -0.041310 -0.565647 0.211698 0.005184 0.997851 -0.065326 125.504761 0.567130 0.050871 0.822056 5.899323 0.000000 0.000000 0.000000 1.000000
0.802129 -0.042718 -0.595621 0.411091 0.008640 0.998164 -0.059952 133.984985 0.597088 0.042943 0.801025 6.402085 0.000000 0.000000 0.000000 1.000000
0.794494 -0.043944 -0.605680 0.909983 0.007987 0.998048 -0.061935 139.383881 0.607219 0.044369 0.793295 5.655002 0.000000 0.000000 0.000000 1.000000
0.803087 -0.046340 -0.594057 1.614830 0.000154 0.996988 -0.077562 139.740646 0.595862 0.062197 0.800675 2.775529 0.000000 0.000000 0.000000 1.000000
0.821977 -0.046453 -0.567623 2.632160 -0.013096 0.994863 -0.100382 137.321579 0.569370 0.089945 0.817146 -1.266932 0.000000 0.000000 0.000000 1.000000
0.842870 -0.045712 -0.536172 3.717809 -0.028072 0.991294 -0.128643 133.638412 0.537385 0.123480 0.834248 -5.015960 0.000000 0.000000 0.000000 1.000000
0.858270 -0.048179 -0.510932 4.395688 -0.039824 0.986329 -0.159903 130.317169 0.511651 0.157588 0.844618 -7.419799 0.000000 0.000000 0.000000 1.000000
0.864589 -0.062399 -0.498590 4.445384 -0.041312 0.980073 -0.194295 128.027328 0.500778 0.188583 0.844783 -8.225018 0.000000 0.000000 0.000000 1.000000
0.871165 -0.097294 -0.481253 3.485070 -0.024148 0.970494 -0.239915 125.525719 0.490395 0.220627 0.843111 -7.992912 0.000000 0.000000 0.000000 1.000000
0.878761 -0.133566 -0.458191 2.052246 -0.000435 0.959817 -0.280627 122.690430 0.477262 0.246804 0.843391 -6.947528 0.000000 0.000000 0.000000 1.000000
0.894241 -0.148279 -0.422311 0.881426 0.017537 0.954413 -0.297973 119.266449 0.447242 0.259053 0.856076 -5.142823 0.000000 0.000000 0.000000 1.000000
0.916206 -0.129591 -0.379174 0.157042 0.025462 0.963176 -0.267662 114.738510 0.399898 0.235580 0.885767 -2.186970 0.000000 0.000000 0.000000 1.000000
0.931830 -0.099296 -0.349045 -0.132840 0.023868 0.976524 -0.214082 109.654572 0.362108 0.191157 0.912325 1.123453 0.000000 0.000000 0.000000 1.000000
0.936147 -0.084365 -0.341339 -0.107123 0.021215 0.982572 -0.184668 104.430756 0.350970 0.165635 0.921621 2.231256 0.000000 0.000000 0.000000 1.000000
0.934157 -0.077475 -0.348351 0.124350 0.016294 0.984391 -0.175240 98.762146 0.356490 0.158026 0.920838 1.313658 0.000000 0.000000 0.000000 1.000000
0.933613 -0.070822 -0.351213 0.389240 0.008501 0.984372 -0.175899 95.550705 0.358181 0.161236 0.919625 0.290054 0.000000 0.000000 0.000000 1.000000
0.938689 -0.066160 -0.338357 0.592841 0.000877 0.981870 -0.189555 93.797630 0.344763 0.177636 0.921729 -0.958861 0.000000 0.000000 0.000000 1.000000
0.947936 -0.057401 -0.313244 0.734708 -0.006583 0.979880 -0.199481 92.966415 0.318392 0.191157 0.928485 -2.031413 0.000000 0.000000 0.000000 1.000000
0.956776 -0.042700 -0.287674 0.765965 -0.011221 0.983007 -0.183227 93.705872 0.290609 0.178536 0.940038 -2.271163 0.000000 0.000000 0.000000 1.000000
0.961741 -0.028235 -0.272503 0.693969 -0.014403 0.988088 -0.153213 95.371895 0.273583 0.151277 0.949878 -2.301356 0.000000 0.000000 0.000000 1.000000
0.965411 -0.014179 -0.260348 0.584133 -0.017389 0.992796 -0.118550 97.043694 0.260153 0.118977 0.958209 -2.262498 0.000000 0.000000 0.000000 1.000000
0.969027 -0.000642 -0.246954 0.475062 -0.020932 0.996185 -0.084722 97.798050 0.246066 0.087267 0.965317 -2.236686 0.000000 0.000000 0.000000 1.000000</float_array>
        <technique_common>
          <accessor source="#mixamorig_Hips-Matrix-animation-output-transform-array" count="28" stride="16">
            <param type="float4x4"/>
          </accessor>
        </technique_common>
      </source>
      <source id="mixamorig_Hips-Interpolations">
        <Name_array id="mixamorig_Hips-Interpolations-array" count="28">
 LINEAR LINEAR LINEAR LINEAR LINEAR LINEAR LINEAR LINEAR LINEAR LINEAR LINEAR
LINEAR LINEAR LINEAR LINEAR LINEAR LINEAR LINEAR LINEAR LINEAR LINEAR LINEAR LINEAR
LINEAR LINEAR LINEAR LINEAR LINEAR</Name_array>
        <technique_common>
          <accessor source="#mixamorig_Hips-Interpolations-array" count="28">
            <param type="name"/>
          </accessor>
        </technique_common>
      </source>
      <sampler id="mixamorig_Hips-Matrix-animation-transform">
        <input semantic="INPUT" source="#mixamorig_Hips-Matrix-animation-input"/>
        <input semantic="OUTPUT" source="#mixamorig_Hips-Matrix-animation-output-transform"/>
        <input semantic="INTERPOLATION" source="#mixamorig_Hips-Interpolations"/>
      </sampler>
      <channel source="#mixamorig_Hips-Matrix-animation-transform" target="mixamorig_Hips/matrix"/>
    </animation>
    <animation id="mixamorig_Spine-anim" name="mixamorig_Spine">
      <source id="mixamorig_Spine-Matrix-animation-input">
        <float_array id="mixamorig_Spine-Matrix-animation-input-array" count="28">

0.000000 0.033333 0.066667 0.100000 0.133333 0.166667 0.200000 0.233333 0.266667 0.300000 0.333333 0.366667 0.400000 0.433333 0.466667 0.500000
0.533333 0.566667 0.600000 0.633333 0.666667 0.700000 0.733333 0.766667 0.800000 0.833333 0.866667 0.900000</float_array>
        <technique_common>
          <accessor source="#mixamorig_Spine-Matrix-animation-input-array" count="28">
            <param name="TIME" type="float"/>
          </accessor>
        </technique_common>
      </source>
      <source id="mixamorig_Spine-Matrix-animation-output-transform">
        <float_array id="mixamorig_Spine-Matrix-animation-output-transform-array" count="448">

0.997030 0.000844 0.077011 0.000000 0.025025 0.942127 -0.334322 9.686900 -0.072837 0.335256 0.939307 -0.591100 0.000000 0.000000 0.000000 1.000000
0.994234 0.023268 0.104676 0.000000 0.005857 0.962932 -0.269681 9.686900 -0.107071 0.268739 0.957243 -0.591100 0.000000 0.000000 0.000000 1.000000
0.989193 0.042437 0.140344 0.000000 -0.014324 0.980589 -0.195549 9.686900 -0.145918 0.191426 0.970600 -0.591100 0.000000 0.000000 0.000000 1.000000
0.981224 0.057934 0.183967 0.000000 -0.037834 0.993106 -0.110947 9.686900 -0.189127 0.101904 0.976651 -0.591100 0.000000 0.000000 0.000000 1.000000
0.970416 0.076256 0.229081 0.000000 -0.070461 0.996956 -0.033385 9.686900 -0.230929 0.016256 0.972835 -0.591100 0.000000 0.000000 0.000000 1.000000
0.957976 0.090063 0.272343 0.000000 -0.100761 0.994583 0.025527 9.686900 -0.268568 -0.051896 0.961862 -0.591100 0.000000 0.000000 0.000000 1.000000
0.951535 0.093970 0.292832 0.000000 -0.119690 0.990259 0.071149 9.686900 -0.283294 -0.102749 0.953513 -0.591100 0.000000 0.000000 0.000000 1.000000
0.953135 0.094767 0.287319 0.000000 -0.122216 0.989345 0.079114 9.686900 -0.276760 -0.110522 0.954562 -0.591100 0.000000 0.000000 0.000000 1.000000
0.959448 0.099108 0.263887 0.000000 -0.113730 0.992678 0.040684 9.686900 -0.257923 -0.069046 0.963695 -0.591100 0.000000 0.000000 0.000000 1.000000
0.968233 0.118831 0.220009 0.000000 -0.110227 0.992596 -0.051028 9.686900 -0.224444 0.025156 0.974162 -0.591100 0.000000 0.000000 0.000000 1.000000
0.977478 0.133186 0.163703 0.000000 -0.102446 0.977634 -0.183675 9.686900 -0.184504 0.162768 0.969260 -0.591100 0.000000 0.000000 0.000000 1.000000
0.985351 0.131198 0.108955 0.000000 -0.090131 0.942990 -0.320386 9.686900 -0.144777 0.305872 0.941000 -0.591100 0.000000 0.000000 0.000000 1.000000
0.990049 0.118844 0.075354 0.000000 -0.075144 0.899244 -0.430945 9.686900 -0.118977 0.420994 0.899226 -0.591100 0.000000 0.000000 0.000000 1.000000
0.990460 0.118061 0.071065 0.000000 -0.067129 0.863769 -0.499396 9.686900 -0.120343 0.489861 0.863454 -0.591100 0.000000 0.000000 0.000000 1.000000
0.985500 0.150049 0.079212 0.000000 -0.089401 0.855986 -0.509211 9.686900 -0.144211 0.494746 0.856989 -0.591100 0.000000 0.000000 0.000000 1.000000
0.975266 0.197846 0.098558 0.000000 -0.128814 0.871079 -0.473949 9.686900 -0.179621 0.449531 0.875019 -0.591100 0.000000 0.000000 0.000000 1.000000
0.967841 0.222702 0.116992 0.000000 -0.157175 0.898447 -0.409987 9.686900 -0.196416 0.378414 0.904557 -0.591100 0.000000 0.000000 0.000000 1.000000
0.970694 0.210078 0.116703 0.000000 -0.157015 0.922050 -0.353793 9.686900 -0.181930 0.325101 0.928014 -0.591100 0.000000 0.000000 0.000000 1.000000
0.977170 0.181229 0.110884 0.000000 -0.137374 0.937081 -0.320947 9.686900 -0.162073 0.298387 0.940584 -0.591100 0.000000 0.000000 0.000000 1.000000
0.977284 0.170950 0.125269 0.000000 -0.126099 0.944095 -0.304605 9.686900 -0.170338 0.281889 0.944205 -0.591100 0.000000 0.000000 0.000000 1.000000
0.975079 0.168154 0.144723 0.000000 -0.119683 0.947955 -0.295056 9.686900 -0.186806 0.270382 0.944456 -0.591100 0.000000 0.000000 0.000000 1.000000
0.975719 0.157167 0.152545 -0.000000 -0.107203 0.950044 -0.293129 9.686900 -0.190995 0.269658 0.943825 -0.591100 0.000000 0.000000 0.000000 1.000000
0.982216 0.131660 0.133856 -0.000000 -0.085467 0.948313 -0.305610 9.686900 -0.167174 0.288735 0.942701 -0.591100 0.000000 0.000000 0.000000 1.000000
0.989519 0.099497 0.104659 0.000000 -0.060392 0.943461 -0.325936 9.686900 -0.131171 0.316199 0.939581 -0.591100 0.000000 0.000000 0.000000 1.000000
0.993466 0.072025 0.088534 -0.000000 -0.038282 0.941076 -0.336023 9.686900 -0.107519 0.330438 0.937684 -0.591100 0.000000 0.000000 0.000000 1.000000
0.995452 0.047647 0.082499 0.000000 -0.017096 0.941235 -0.337319 9.686900 -0.093723 0.334375 0.937768 -0.591100 0.000000 0.000000 0.000000 1.000000
0.996483 0.024312 0.080194 0.000000 0.003992 0.942130 -0.335224 9.686900 -0.083703 0.334365 0.938719 -0.591100 0.000000 0.000000 0.000000 1.000000
0.997030 0.000844 0.077011 -0.000000 0.025025 0.942127 -0.334321 9.686900 -0.072837 0.335256 0.939307 -0.591100 0.000000 0.000000 0.000000 1.000000</float_array>
        <technique_common>
          <accessor source="#mixamorig_Spine-Matrix-animation-output-transform-array" count="28" stride="16">
            <param type="float4x4"/>
          </accessor>
        </technique_common>
      </source>
      <source id="mixamorig_Spine-Interpolations">
        <Name_array id="mixamorig_Spine-Interpolations-array" count="28">
 LINEAR LINEAR LINEAR LINEAR LINEAR LINEAR LINEAR LINEAR LINEAR LINEAR LINEAR
LINEAR LINEAR LINEAR LINEAR LINEAR LINEAR LINEAR LINEAR LINEAR LINEAR LINEAR LINEAR
LINEAR LINEAR LINEAR LINEAR LINEAR</Name_array>
        <technique_common>
          <accessor source="#mixamorig_Spine-Interpolations-array" count="28">
            <param type="name"/>
          </accessor>
        </technique_common>
      </source>
      <sampler id="mixamorig_Spine-Matrix-animation-transform">
        <input semantic="INPUT" source="#mixamorig_Spine-Matrix-animation-input"/>
        <input semantic="OUTPUT" source="#mixamorig_Spine-Matrix-animation-output-transform"/>
        <input semantic="INTERPOLATION" source="#mixamorig_Spine-Interpolations"/>
      </sampler>
      <channel source="#mixamorig_Spine-Matrix-animation-transform" target="mixamorig_Spine/matrix"/>
    </animation>
    <animation id="mixamorig_Spine1-anim" name="mixamorig_Spine1">
      <source id="mixamorig_Spine1-Matrix-animation-input">
        <float_array id="mixamorig_Spine1-Matrix-animation-input-array" count="28">

0.000000 0.033333 0.066667 0.100000 0.133333 0.166667 0.200000 0.233333 0.266667 0.300000 0.333333 0.366667 0.400000 0.433333 0.466667 0.500000
0.533333 0.566667 0.600000 0.633333 0.666667 0.700000 0.733333 0.766667 0.800000 0.833333 0.866667 0.900000</float_array>
        <technique_common>
          <accessor source="#mixamorig_Spine1-Matrix-animation-input-array" count="28">
            <param name="TIME" type="float"/>
          </accessor>
        </technique_common>
      </source>
      <source id="mixamorig_Spine1-Matrix-animation-output-transform">
        <float_array id="mixamorig_Spine1-Matrix-animation-output-transform-array" count="448">

0.999658 0.013327 0.022499 0.000000 -0.011852 0.997848 -0.064491 11.322300 -0.023310 0.064202 0.997665 0.000000 0.000000 0.000000 0.000000 1.000000
0.999814 0.006493 0.018180 0.000000 -0.004943 0.996451 -0.084032 11.322300 -0.018661 0.083926 0.996297 -0.000000 0.000000 0.000000 0.000000 1.000000
0.999871 -0.000590 0.016029 -0.000000 0.002297 0.994291 -0.106681 11.322300 -0.015875 0.106704 0.994164 0.000000 0.000000 0.000000 0.000000 1.000000
0.999841 -0.008096 0.015873 0.000000 0.010128 0.991138 -0.132452 11.322300 -0.014660 0.132592 0.991062 0.000000 0.000000 0.000000 0.000000 1.000000
0.999737 -0.014714 0.017581 0.000000 0.017322 0.987148 -0.158866 11.322300 -0.015017 0.159129 0.987144 0.000000 0.000000 0.000000 0.000000 1.000000
0.999577 -0.017751 0.023035 -0.000000 0.021690 0.982694 -0.183960 11.322300 -0.019371 0.184382 0.982664 -0.000000 0.000000 0.000000 0.000000 1.000000
0.999436 -0.015771 0.029662 -0.000000 0.021516 0.978600 -0.204643 11.322300 -0.025800 0.205165 0.978387 0.000000 0.000000 0.000000 0.000000 1.000000
0.999334 -0.011400 0.034670 0.000000 0.018801 0.975022 -0.221313 11.322300 -0.031281 0.221817 0.974586 0.000000 0.000000 0.000000 0.000000 1.000000
0.999505 -0.002506 0.031364 0.000000 0.009996 0.970471 -0.241011 11.322300 -0.029834 0.241205 0.970015 0.000000 0.000000 0.000000 0.000000 1.000000
0.999450 0.011287 0.031186 0.000000 -0.002691 0.964808 -0.262942 11.322300 -0.033057 0.262713 0.964308 0.000000 0.000000 0.000000 0.000000 1.000000
0.999412 0.024470 0.024013 0.000000 -0.016918 0.961188 -0.275376 11.322300 -0.029819 0.274808 0.961037 0.000000 0.000000 0.000000 0.000000 1.000000
0.999307 0.033511 0.016180 0.000000 -0.027937 0.962820 -0.268694 11.322300 -0.024583 0.268056 0.963090 -0.000000 0.000000 0.000000 0.000000 1.000000
0.999143 0.040462 0.008700 -0.000000 -0.037038 0.967968 -0.248328 11.322300 -0.018470 0.247793 0.968637 -0.000000 0.000000 0.000000 0.000000 1.000000
0.999096 0.042469 0.001880 0.000000 -0.040943 0.973214 -0.226224 11.322300 -0.011437 0.225943 0.974073 0.000000 0.000000 0.000000 0.000000 1.000000
0.999543 0.030181 -0.001435 -0.000000 -0.029848 0.978923 -0.202034 11.322300 -0.004693 0.201985 0.979377 0.000000 0.000000 0.000000 0.000000 1.000000
0.999958 0.007416 -0.005342 0.000000 -0.008230 0.984822 -0.173372 11.322300 0.003976 0.173408 0.984842 0.000000 0.000000 0.000000 0.000000 1.000000
0.999780 -0.016955 -0.012375 -0.000000 0.015063 0.990101 -0.139544 11.322300 0.014619 0.139327 0.990139 -0.000000 0.000000 0.000000 0.000000 1.000000
0.998960 -0.040913 -0.020104 0.000000 0.038844 0.994783 -0.094329 11.322300 0.023859 0.093450 0.995338 0.000000 0.000000 0.000000 0.000000 1.000000
0.997914 -0.058469 -0.027380 -0.000000 0.057348 0.997550 -0.040060 11.322300 0.029655 0.038406 0.998822 -0.000000 0.000000 0.000000 0.000000 1.000000
0.997743 -0.060770 -0.028560 0.000000 0.060486 0.998112 -0.010692 11.322300 0.029156 0.008940 0.999535 0.000000 0.000000 0.000000 0.000000 1.000000
0.998031 -0.056667 -0.026892 0.000000 0.056901 0.998348 0.008030 11.322300 0.026393 -0.009544 0.999606 0.000000 0.000000 0.000000 0.000000 1.000000
0.998580 -0.048462 -0.022139 -0.000000 0.048933 0.998576 0.021247 11.322300 0.021078 -0.022300 0.999529 -0.000000 0.000000 0.000000 0.000000 1.000000
0.999351 -0.033937 -0.012050 -0.000000 0.034302 0.998915 0.031498 11.322300 0.010968 -0.031891 0.999431 0.000000 0.000000 0.000000 0.000000 1.000000
0.999869 -0.016206 0.000540 -0.000000 0.016179 0.999307 0.033509 11.322300 -0.001083 -0.033496 0.999438 0.000000 0.000000 0.000000 0.000000 1.000000
0.999949 -0.004439 0.009023 -0.000000 0.004243 0.999758 0.021572 11.322300 -0.009117 -0.021533 0.999727 0.000000 0.000000 0.000000 0.000000 1.000000
0.999895 0.002599 0.014276 -0.000000 -0.002549 0.999990 -0.003538 11.322300 -0.014285 0.003501 0.999892 0.000000 0.000000 0.000000 0.000000 1.000000
0.999803 0.007773 0.018263 -0.000000 -0.007136 0.999373 -0.034682 11.322300 -0.018521 0.034545 0.999232 0.000000 0.000000 0.000000 0.000000 1.000000
0.999658 0.013327 0.022499 0.000000 -0.011852 0.997848 -0.064491 11.322300 -0.023310 0.064202 0.997665 0.000000 0.000000 0.000000 0.000000 1.000000</float_array>
        <technique_common>
          <accessor source="#mixamorig_Spine1-Matrix-animation-output-transform-array" count="28" stride="16">
            <param type="float4x4"/>
          </accessor>
        </technique_common>
      </source>
      <source id="mixamorig_Spine1-Interpolations">
        <Name_array id="mixamorig_Spine1-Interpolations-array" count="28">
 LINEAR LINEAR LINEAR LINEAR LINEAR LINEAR LINEAR LINEAR LINEAR LINEAR LINEAR
LINEAR LINEAR LINEAR LINEAR LINEAR LINEAR LINEAR LINEAR LINEAR LINEAR LINEAR LINEAR
LINEAR LINEAR LINEAR LINEAR LINEAR</Name_array>
        <technique_common>
          <accessor source="#mixamorig_Spine1-Interpolations-array" count="28">
            <param type="name"/>
          </accessor>
        </technique_common>
      </source>
      <sampler id="mixamorig_Spine1-Matrix-animation-transform">
        <input semantic="INPUT" source="#mixamorig_Spine1-Matrix-animation-input"/>
        <input semantic="OUTPUT" source="#mixamorig_Spine1-Matrix-animation-output-transform"/>
        <input semantic="INTERPOLATION" source="#mixamorig_Spine1-Interpolations"/>
      </sampler>
      <channel source="#mixamorig_Spine1-Matrix-animation-transform" target="mixamorig_Spine1/matrix"/>
    </animation>
    <animation id="mixamorig_Spine2-anim" name="mixamorig_Spine2">
      <source id="mixamorig_Spine2-Matrix-animation-input">
        <float_array id="mixamorig_Spine2-Matrix-animation-input-array" count="28">

0.000000 0.033333 0.066667 0.100000 0.133333 0.166667 0.200000 0.233333 0.266667 0.300000 0.333333 0.366667 0.400000 0.433333 0.466667 0.500000
0.533333 0.566667 0.600000 0.633333 0.666667 0.700000 0.733333 0.766667 0.800000 0.833333 0.866667 0.900000</float_array>
        <technique_common>
          <accessor source="#mixamorig_Spine2-Matrix-animation-input-array" count="28">
            <param name="TIME" type="float"/>
          </accessor>
        </technique_common>
      </source>
      <source id="mixamorig_Spine2-Matrix-animation-output-transform">
        <float_array id="mixamorig_Spine2-Matrix-animation-output-transform-array" count="448">

0.999628 0.013336 0.023785 -0.000000 -0.011781 0.997857 -0.064367 12.939800 -0.024592 0.064063 0.997643 0.000000 0.000000 0.000000 0.000000 1.000000
0.999792 0.005614 0.019629 -0.000000 -0.003953 0.996488 -0.083638 12.939800 -0.020030 0.083543 0.996303 0.000000 0.000000 0.000000 0.000000 1.000000
0.999833 -0.002089 0.018175 0.000000 0.004005 0.994354 -0.106040 12.939800 -0.017851 0.106095 0.994196 -0.000000 0.000000 0.000000 0.000000 1.000000
0.999763 -0.010060 0.019293 0.000000 0.012513 0.991228 -0.131568 12.939800 -0.017800 0.131778 0.991119 0.000000 0.000000 0.000000 0.000000 1.000000
0.999618 -0.016404 0.022235 -0.000000 0.019711 0.987285 -0.157732 12.939800 -0.019365 0.158110 0.987232 0.000000 0.000000 0.000000 0.000000 1.000000
0.999453 -0.016966 0.028386 0.000000 0.021873 0.982938 -0.182632 12.939800 -0.024803 0.183153 0.982771 -0.000000 0.000000 0.000000 0.000000 1.000000
0.999328 -0.011496 0.034792 0.000000 0.018339 0.978948 -0.203286 12.939800 -0.031723 0.203788 0.978501 0.000000 0.000000 0.000000 0.000000 1.000000
0.999164 -0.002166 0.040827 0.000000 0.011104 0.975436 -0.220002 12.939800 -0.039348 0.220272 0.974645 0.000000 0.000000 0.000000 0.000000 1.000000
0.998869 0.017326 0.044286 -0.000000 -0.006205 0.970792 -0.239844 12.939800 -0.047148 0.239298 0.969801 -0.000000 0.000000 0.000000 0.000000 1.000000
0.998651 0.032684 0.040339 0.000000 -0.020957 0.964630 -0.262772 12.939800 -0.047501 0.261572 0.964014 0.000000 0.000000 0.000000 0.000000 1.000000
0.998351 0.046511 0.033647 -0.000000 -0.035455 0.960559 -0.275807 12.939800 -0.045148 0.274159 0.960624 -0.000000 0.000000 0.000000 0.000000 1.000000
0.998355 0.050644 0.026885 -0.000000 -0.041548 0.962102 -0.269506 12.939800 -0.039515 0.267945 0.962623 0.000000 0.000000 0.000000 0.000000 1.000000
0.998613 0.048189 0.021217 0.000000 -0.041392 0.967539 -0.249308 12.939800 -0.032542 0.248084 0.968192 0.000000 0.000000 0.000000 0.000000 1.000000
0.999054 0.039496 0.018188 0.000000 -0.034344 0.973279 -0.227043 12.939800 -0.026669 0.226204 0.973715 -0.000000 0.000000 0.000000 0.000000 1.000000
0.999448 0.027367 0.018819 0.000000 -0.023007 0.979113 -0.202010 12.939800 -0.023954 0.201465 0.979203 0.000000 0.000000 0.000000 0.000000 1.000000
0.999766 0.008782 0.019792 0.000000 -0.005248 0.985089 -0.171966 12.939800 -0.021007 0.171822 0.984904 0.000000 0.000000 0.000000 0.000000 1.000000
0.999696 -0.013733 0.020466 0.000000 0.016394 0.990558 -0.136108 12.939800 -0.018404 0.136402 0.990483 -0.000000 0.000000 0.000000 0.000000 1.000000
0.999116 -0.036706 0.020478 0.000000 0.038371 0.995390 -0.087902 12.939800 -0.017157 0.088610 0.995919 0.000000 0.000000 0.000000 0.000000 1.000000
0.998380 -0.053306 0.019902 -0.000000 0.053916 0.998049 -0.031493 12.939800 -0.018184 0.032515 0.999306 -0.000000 0.000000 0.000000 0.000000 1.000000
0.998322 -0.054759 0.018833 0.000000 0.054798 0.998496 -0.001574 12.939800 -0.018718 0.002604 0.999821 -0.000000 0.000000 0.000000 0.000000 1.000000
0.998594 -0.049956 0.017723 -0.000000 0.049657 0.998623 0.016938 12.939800 -0.018545 -0.016034 0.999699 0.000000 0.000000 0.000000 0.000000 1.000000
0.998978 -0.041741 0.017364 0.000000 0.041226 0.998727 0.029058 12.939800 -0.018554 -0.028312 0.999427 0.000000 0.000000 0.000000 0.000000 1.000000
0.999424 -0.028482 0.018436 0.000000 0.027791 0.998939 0.036734 12.939800 -0.019463 -0.036200 0.999155 0.000000 0.000000 0.000000 0.000000 1.000000
0.999717 -0.012619 0.020189 -0.000000 0.011889 0.999287 0.035849 12.939800 -0.020627 -0.035598 0.999153 0.000000 0.000000 0.000000 0.000000 1.000000
0.999768 -0.002128 0.021415 0.000000 0.001648 0.999747 0.022449 12.939800 -0.021458 -0.022408 0.999519 0.000000 0.000000 0.000000 0.000000 1.000000
0.999744 0.004055 0.022279 -0.000000 -0.003986 0.999987 -0.003150 12.939800 -0.022292 0.003060 0.999747 0.000000 0.000000 0.000000 0.000000 1.000000
0.999699 0.008521 0.023021 -0.000000 -0.007726 0.999378 -0.034410 12.939800 -0.023299 0.034222 0.999143 0.000000 0.000000 0.000000 0.000000 1.000000
0.999628 0.013337 0.023785 0.000000 -0.011781 0.997857 -0.064368 12.939800 -0.024592 0.064063 0.997643 -0.000000 0.000000 0.000000 0.000000 1.000000</float_array>
        <technique_common>
          <accessor source="#mixamorig_Spine2-Matrix-animation-output-transform-array" count="28" stride="16">
            <param type="float4x4"/>
          </accessor>
        </technique_common>
      </source>
      <source id="mixamorig_Spine2-Interpolations">
        <Name_array id="mixamorig_Spine2-Interpolations-array" count="28">
 LINEAR LINEAR LINEAR LINEAR LINEAR LINEAR LINEAR LINEAR LINEAR LINEAR LINEAR
LINEAR LINEAR LINEAR LINEAR LINEAR LINEAR LINEAR LINEAR LINEAR LINEAR LINEAR LINEAR
LINEAR LINEAR LINEAR LINEAR LINEAR</Name_array>
        <technique_common>
          <accessor source="#mixamorig_Spine2-Interpolations-array" count="28">
            <param type="name"/>
          </accessor>
        </technique_common>
      </source>
      <sampler id="mixamorig_Spine2-Matrix-animation-transform">
        <input semantic="INPUT" source="#mixamorig_Spine2-Matrix-animation-input"/>
        <input semantic="OUTPUT" source="#mixamorig_Spine2-Matrix-animation-output-transform"/>
        <input semantic="INTERPOLATION" source="#mixamorig_Spine2-Interpolations"/>
      </sampler>
      <channel source="#mixamorig_Spine2-Matrix-animation-transform" target="mixamorig_Spine2/matrix"/>
    </animation>
    <animation id="mixamorig_Neck-anim" name="mixamorig_Neck">
      <source id="mixamorig_Neck-Matrix-animation-input">
        <float_array id="mixamorig_Neck-Matrix-animation-input-array" count="28">

0.000000 0.033333 0.066667 0.100000 0.133333 0.166667 0.200000 0.233333 0.266667 0.300000 0.333333 0.366667 0.400000 0.433333 0.466667 0.500000
0.533333 0.566667 0.600000 0.633333 0.666667 0.700000 0.733333 0.766667 0.800000 0.833333 0.866667 0.900000</float_array>
        <technique_common>
          <accessor source="#mixamorig_Neck-Matrix-animation-input-array" count="28">
            <param name="TIME" type="float"/>
          </accessor>
        </technique_common>
      </source>
      <source id="mixamorig_Neck-Matrix-animation-output-transform">
        <float_array id="mixamorig_Neck-Matrix-animation-output-transform-array" count="448">

0.999013 -0.039858 0.019593 0.000000 0.036220 0.986458 0.159963 14.557300 -0.025703 -0.159095 0.986929 0.000000 0.000000 0.000000 0.000000 1.000000
0.998891 -0.040401 0.024185 0.000000 0.037147 0.991774 0.122493 14.557300 -0.028935 -0.121459 0.992175 -0.000000 0.000000 0.000000 0.000000 1.000000
0.998625 -0.040842 0.032866 -0.000000 0.038299 0.996479 0.074590 14.557300 -0.035796 -0.073229 0.996673 -0.000000 0.000000 0.000000 0.000000 1.000000
0.998062 -0.041968 0.045941 0.000000 0.040109 0.998368 0.040661 14.557300 -0.047573 -0.038739 0.998116 0.000000 0.000000 0.000000 0.000000 1.000000
0.996994 -0.044433 0.063479 -0.000000 0.041698 0.998170 0.043789 14.557300 -0.065309 -0.041010 0.997022 0.000000 0.000000 0.000000 0.000000 1.000000
0.995280 -0.048032 0.084322 -0.000000 0.039979 0.994700 0.094732 14.557300 -0.088425 -0.090914 0.991925 -0.000000 0.000000 0.000000 0.000000 1.000000
0.992999 -0.051011 0.106540 -0.000000 0.030898 0.982714 0.182534 14.557300 -0.114010 -0.177964 0.977410 0.000000 0.000000 0.000000 0.000000 1.000000
0.990460 -0.050316 0.128287 -0.000000 0.012606 0.960135 0.279252 14.557300 -0.137224 -0.274971 0.951609 0.000000 0.000000 0.000000 0.000000 1.000000
0.987960 -0.043119 0.148579 0.000000 -0.012841 0.934206 0.356502 14.557300 -0.154175 -0.354118 0.922405 0.000000 0.000000 0.000000 0.000000 1.000000
0.985443 -0.028921 0.167530 0.000000 -0.041290 0.915205 0.400868 14.557300 -0.164918 -0.401949 0.900688 -0.000000 0.000000 0.000000 0.000000 1.000000
0.982516 -0.010751 0.185866 0.000000 -0.069024 0.906151 0.417284 14.557300 -0.172909 -0.422818 0.889566 0.000000 0.000000 0.000000 0.000000 1.000000
0.978959 0.005831 0.203973 0.000000 -0.093300 0.901778 0.422010 14.557300 -0.181478 -0.432161 0.883347 0.000000 0.000000 0.000000 0.000000 1.000000
0.975137 0.015783 0.221040 -0.000000 -0.112185 0.895360 0.430982 14.557300 -0.191109 -0.445064 0.874869 -0.000000 0.000000 0.000000 0.000000 1.000000
0.971868 0.017851 0.234847 0.000000 -0.124762 0.884753 0.449051 14.557300 -0.199766 -0.465718 0.862090 0.000000 0.000000 0.000000 0.000000 1.000000
0.970030 0.015740 0.242474 0.000000 -0.130839 0.874715 0.466643 14.557300 -0.204751 -0.484383 0.850559 0.000000 0.000000 0.000000 0.000000 1.000000
0.970228 0.016128 0.241655 -0.000000 -0.130635 0.875040 0.466090 14.557300 -0.203941 -0.483782 0.851095 -0.000000 0.000000 0.000000 0.000000 1.000000
0.972412 0.024590 0.231971 0.000000 -0.125667 0.893014 0.432126 14.557300 -0.196527 -0.449356 0.871468 0.000000 0.000000 0.000000 0.000000 1.000000
0.975687 0.041990 0.215109 0.000000 -0.119298 0.925086 0.360533 14.557300 -0.183856 -0.377430 0.907603 0.000000 0.000000 0.000000 0.000000 1.000000
0.978929 0.063635 0.194031 0.000000 -0.114389 0.958011 0.262925 14.557300 -0.169153 -0.279580 0.945104 0.000000 0.000000 0.000000 0.000000 1.000000
0.982517 0.076719 0.169629 0.000000 -0.104940 0.980824 0.164231 14.557300 -0.153776 -0.179160 0.971728 0.000000 0.000000 0.000000 0.000000 1.000000
0.987156 0.072103 0.142566 0.000000 -0.085519 0.992234 0.090325 14.557300 -0.134946 -0.101356 0.985655 0.000000 0.000000 0.000000 0.000000 1.000000
0.992105 0.051008 0.114565 -0.000000 -0.057603 0.996823 0.055005 14.557300 -0.111396 -0.061170 0.991892 -0.000000 0.000000 0.000000 0.000000 1.000000
0.996029 0.019381 0.086895 0.000000 -0.024317 0.998128 0.056119 14.557300 -0.085645 -0.058009 0.994636 -0.000000 0.000000 0.000000 0.000000 1.000000
0.998017 -0.013529 0.061479 0.000000 0.008565 0.996733 0.080310 14.557300 -0.062365 -0.079624 0.994872 -0.000000 0.000000 0.000000 0.000000 1.000000
0.998461 -0.036641 0.041633 -0.000000 0.031802 0.993259 0.111467 14.557300 -0.045437 -0.109971 0.992896 0.000000 0.000000 0.000000 0.000000 1.000000
0.998651 -0.042127 0.030347 -0.000000 0.037562 0.989741 0.137847 14.557300 -0.035842 -0.136521 0.989988 -0.000000 0.000000 0.000000 0.000000 1.000000
0.998927 -0.039420 0.024296 -0.000000 0.035205 0.987359 0.154542 14.557300 -0.030081 -0.153521 0.987687 0.000000 0.000000 0.000000 0.000000 1.000000
0.999013 -0.039858 0.019593 0.000000 0.036220 0.986458 0.159963 14.557300 -0.025703 -0.159095 0.986929 0.000000 0.000000 0.000000 0.000000 1.000000</float_array>
        <technique_common>
          <accessor source="#mixamorig_Neck-Matrix-animation-output-transform-array" count="28" stride="16">
            <param type="float4x4"/>
          </accessor>
        </technique_common>
      </source>
      <source id="mixamorig_Neck-Interpolations">
        <Name_array id="mixamorig_Neck-Interpolations-array" count="28">
 LINEAR LINEAR LINEAR LINEAR LINEAR LINEAR LINEAR LINEAR LINEAR LINEAR LINEAR
LINEAR LINEAR LINEAR LINEAR LINEAR LINEAR LINEAR LINEAR LINEAR LINEAR LINEAR LINEAR
LINEAR LINEAR LINEAR LINEAR LINEAR</Name_array>
        <technique_common>
          <accessor source="#mixamorig_Neck-Interpolations-array" count="28">
            <param type="name"/>
          </accessor>
        </technique_common>
      </source>
      <sampler id="mixamorig_Neck-Matrix-animation-transform">
        <input semantic="INPUT" source="#mixamorig_Neck-Matrix-animation-input"/>
        <input semantic="OUTPUT" source="#mixamorig_Neck-Matrix-animation-output-transform"/>
        <input semantic="INTERPOLATION" source="#mixamorig_Neck-Interpolations"/>
      </sampler>
      <channel source="#mixamorig_Neck-Matrix-animation-transform" target="mixamorig_Neck/matrix"/>
    </animation>
    <animation id="mixamorig_Head-anim" name="mixamorig_Head">
      <source id="mixamorig_Head-Matrix-animation-input">
        <float_array id="mixamorig_Head-Matrix-animation-input-array" count="28">

0.000000 0.033333 0.066667 0.100000 0.133333 0.166667 0.200000 0.233333 0.266667 0.300000 0.333333 0.366667 0.400000 0.433333 0.466667 0.500000
0.533333 0.566667 0.600000 0.633333 0.666667 0.700000 0.733333 0.766667 0.800000 0.833333 0.866667 0.900000</float_array>
        <technique_common>
          <accessor source="#mixamorig_Head-Matrix-animation-input-array" count="28">
            <param name="TIME" type="float"/>
          </accessor>
        </technique_common>
      </source>
      <source id="mixamorig_Head-Matrix-animation-output-transform">
        <float_array id="mixamorig_Head-Matrix-animation-output-transform-array" count="448">

0.989033 0.057017 0.136242 0.000000 -0.088931 0.966406 0.241145 3.226800 -0.117916 -0.250617 0.960878 0.865600 0.000000 0.000000 0.000000 1.000000
0.989373 0.054134 0.134948 0.000000 -0.088841 0.959780 0.266327 3.226800 -0.115103 -0.275485 0.954389 0.865600 0.000000 0.000000 0.000000 1.000000
0.990033 0.049160 0.131974 0.000000 -0.085552 0.954312 0.286305 3.226800 -0.111870 -0.294742 0.949006 0.865600 0.000000 0.000000 0.000000 1.000000
0.990960 0.046050 0.126005 0.000000 -0.078333 0.961118 0.264794 3.226800 -0.108912 -0.272271 0.956037 0.865600 0.000000 0.000000 0.000000 1.000000
0.992014 0.044423 0.118048 0.000000 -0.067276 0.978030 0.197309 3.226800 -0.106690 -0.203675 0.973208 0.865600 0.000000 0.000000 0.000000 1.000000
0.993039 0.042870 0.109704 0.000000 -0.053720 0.993741 0.097940 3.226800 -0.104819 -0.103152 0.989127 0.865600 0.000000 0.000000 0.000000 1.000000
0.993948 0.039644 0.102448 0.000000 -0.039563 0.999213 -0.002817 3.226800 -0.102479 -0.001253 0.994734 0.865600 0.000000 0.000000 0.000000 1.000000
0.994689 0.032733 0.097578 0.000000 -0.026539 0.997590 -0.064106 3.226800 -0.099442 0.061176 0.993161 0.865600 0.000000 0.000000 0.000000 1.000000
0.995199 0.021667 0.095442 -0.000000 -0.015883 0.998014 -0.060950 3.226800 -0.096573 0.059142 0.993567 0.865600 0.000000 0.000000 0.000000 1.000000
0.995405 0.008386 0.095387 -0.000000 -0.008984 0.999943 0.005841 3.226800 -0.095332 -0.006672 0.995423 0.865600 0.000000 0.000000 0.000000 1.000000
0.995394 -0.003268 0.095816 -0.000000 -0.007899 0.993226 0.115934 3.226800 -0.095546 -0.116157 0.988625 0.865600 0.000000 0.000000 0.000000 1.000000
0.995549 -0.008434 0.093868 0.000000 -0.013489 0.972982 0.230487 3.226800 -0.093276 -0.230728 0.968537 0.865600 0.000000 0.000000 0.000000 1.000000
0.996242 -0.004188 0.086517 -0.000000 -0.023163 0.949575 0.312683 3.226800 -0.083464 -0.313511 0.945909 0.865600 0.000000 0.000000 0.000000 1.000000
0.997343 0.007943 0.072408 0.000000 -0.032561 0.937815 0.345606 3.226800 -0.065160 -0.347046 0.935582 0.865600 0.000000 0.000000 0.000000 1.000000
0.998339 0.021938 0.053272 -0.000000 -0.038549 0.941546 0.334671 3.226800 -0.042816 -0.336169 0.940828 0.865600 0.000000 0.000000 0.000000 1.000000
0.998976 0.030247 0.033653 -0.000000 -0.038961 0.953198 0.299827 3.226800 -0.023009 -0.300831 0.953400 0.865600 0.000000 0.000000 0.000000 1.000000
0.999429 0.028097 0.018792 -0.000000 -0.032069 0.963873 0.264425 3.226800 -0.010683 -0.264877 0.964223 0.865600 0.000000 0.000000 0.000000 1.000000
0.999794 0.016312 0.012095 -0.000000 -0.018772 0.969581 0.244050 3.226800 -0.007746 -0.244227 0.969687 0.865600 0.000000 0.000000 0.000000 1.000000
0.999903 0.000783 0.013873 0.000000 -0.004099 0.970601 0.240660 3.226800 -0.013277 -0.240693 0.970510 0.865600 0.000000 0.000000 0.000000 1.000000
0.999671 -0.006347 0.024854 -0.000000 0.000067 0.969543 0.244921 3.226800 -0.025652 -0.244839 0.969224 0.865600 0.000000 0.000000 0.000000 1.000000
0.999051 0.002044 0.043509 0.000000 -0.012635 0.969549 0.244570 3.226800 -0.041684 -0.244888 0.968655 0.865600 0.000000 0.000000 0.000000 1.000000
0.997586 0.022689 0.065631 0.000000 -0.037406 0.971852 0.232603 3.226800 -0.058506 -0.234496 0.970355 0.865600 0.000000 0.000000 0.000000 1.000000
0.994903 0.048505 0.088404 -0.000000 -0.066292 0.975242 0.210971 3.226800 -0.075982 -0.215756 0.973487 0.865600 0.000000 0.000000 0.000000 1.000000
0.991453 0.070914 0.109509 -0.000000 -0.090794 0.977805 0.188824 3.226800 -0.093688 -0.197153 0.975886 0.865600 0.000000 0.000000 0.000000 1.000000
0.988781 0.081306 0.125301 -0.000000 -0.102938 0.978778 0.177193 3.226800 -0.108235 -0.188104 0.976167 0.865600 0.000000 0.000000 0.000000 1.000000
0.988408 0.074943 0.132031 -0.000000 -0.098612 0.978153 0.183008 3.226800 -0.115432 -0.193906 0.974205 0.865600 0.000000 0.000000 0.000000 1.000000
0.989002 0.062597 0.134005 -0.000000 -0.089484 0.974632 0.205144 3.226800 -0.117764 -0.214879 0.969515 0.865600 0.000000 0.000000 0.000000 1.000000
0.989033 0.057017 0.136242 0.000000 -0.088931 0.966406 0.241145 3.226800 -0.117916 -0.250617 0.960878 0.865600 0.000000 0.000000 0.000000 1.000000</float_array>
        <technique_common>
          <accessor source="#mixamorig_Head-Matrix-animation-output-transform-array" count="28" stride="16">
            <param type="float4x4"/>
          </accessor>
        </technique_common>
      </source>
      <source id="mixamorig_Head-Interpolations">
        <Name_array id="mixamorig_Head-Interpolations-array" count="28">
 LINEAR LINEAR LINEAR LINEAR LINEAR LINEAR LINEAR LINEAR LINEAR LINEAR LINEAR
LINEAR LINEAR LINEAR LINEAR LINEAR LINEAR LINEAR LINEAR LINEAR LINEAR LINEAR LINEAR
LINEAR LINEAR LINEAR LINEAR LINEAR</Name_array>
        <technique_common>
          <accessor source="#mixamorig_Head-Interpolations-array" count="28">
            <param type="name"/>
          </accessor>
        </technique_common>
      </source>
      <sampler id="mixamorig_Head-Matrix-animation-transform">
        <input semantic="INPUT" source="#mixamorig_Head-Matrix-animation-input"/>
        <input semantic="OUTPUT" source="#mixamorig_Head-Matrix-animation-output-transform"/>
        <input semantic="INTERPOLATION" source="#mixamorig_Head-Interpolations"/>
      </sampler>
      <channel source="#mixamorig_Head-Matrix-animation-transform" target="mixamorig_Head/matrix"/>
    </animation>
    <animation id="mixamorig_LeftShoulder-anim" name="mixamorig_LeftShoulder">
      <source id="mixamorig_LeftShoulder-Matrix-animation-input">
        <float_array id="mixamorig_LeftShoulder-Matrix-animation-input-array" count="28">

0.000000 0.033333 0.066667 0.100000 0.133333 0.166667 0.200000 0.233333 0.266667 0.300000 0.333333 0.366667 0.400000 0.433333 0.466667 0.500000
0.533333 0.566667 0.600000 0.633333 0.666667 0.700000 0.733333 0.766667 0.800000 0.833333 0.866667 0.900000</float_array>
        <technique_common>
          <accessor source="#mixamorig_LeftShoulder-Matrix-animation-input-array" count="28">
            <param name="TIME" type="float"/>
          </accessor>
        </technique_common>
      </source>
      <source id="mixamorig_LeftShoulder-Matrix-animation-output-transform">
        <float_array id="mixamorig_LeftShoulder-Matrix-animation-output-transform-array" count="448">

0.349054 0.936465 -0.034569 5.726600 0.116542 -0.079983 -0.989960 12.367500 -0.929828 0.341520 -0.137056 -0.179600 0.000000 0.000000 0.000000 1.000000
0.309411 0.950647 0.023111 5.726600 0.135516 -0.020026 -0.990573 12.367500 -0.941223 0.309626 -0.135024 -0.179600 0.000000 0.000000 0.000000 1.000000
0.272640 0.959229 0.074483 5.726600 0.148245 0.034609 -0.988345 12.367500 -0.950627 0.280504 -0.132765 -0.179600 0.000000 0.000000 0.000000 1.000000
0.263737 0.960693 0.086675 5.726600 0.150675 0.047723 -0.987431 12.367500 -0.952754 0.273482 -0.132166 -0.179600 0.000000 0.000000 0.000000 1.000000
0.281345 0.957571 0.062476 5.726600 0.145628 0.021746 -0.989100 12.367500 -0.948492 0.287377 -0.133331 -0.179600 0.000000 0.000000 0.000000 1.000000
0.310584 0.950304 0.021442 5.726600 0.135036 -0.021782 -0.990601 12.367500 -0.940905 0.310560 -0.135090 -0.179600 0.000000 0.000000 0.000000 1.000000
