<?xml version="1.0" encoding="utf-8"?>
<COLLADA xmlns="http://www.collada.org/2005/11/COLLADASchema" version="1.4.1">
  <asset>
    <contributor>
      <author>Mixamo</author>
      <authoring_tool>COLLADA Mixamo exporter</authoring_tool>
      <comments/>
    </contributor>
    <created>2025-12-24T08:09:44Z</created>
    <modified>2025-12-24T08:09:44Z</modified>
    <revision/>
    <title/>
    <unit meter="0.010000"/>
    <up_axis>Y_UP</up_axis>
  </asset>
  <library_animations>
    <animation id="mixamorig_Hips-anim" name="mixamorig_Hips">
      <source id="mixamorig_Hips-Matrix-animation-input">
        <float_array id="mixamorig_Hips-Matrix-animation-input-array" count="144">

0.000000 0.033333 0.066667 0.100000 0.133333 0.166667 0.200000 0.233333 0.266667 0.300000 0.333333 0.366667 0.400000 0.433333 0.466667 0.500000
0.533333 0.566667 0.600000 0.633333 0.666667 0.700000 0.733333 0.766667 0.800000 0.833333 0.866667 0.900000 0.933333 0.966667 1.000000 1.033333
1.066667 1.100000 1.133333 1.166667 1.200000 1.233333 1.266667 1.300000 1.333333 1.366667 1.400000 1.433333 1.466667 1.500000 1.533333 1.566667
1.600000 1.633333 1.666667 1.700000 1.733333 1.766667 1.800000 1.833333 1.866667 1.900000 1.933333 1.966667 2.000000 2.033333 2.066667 2.100000
2.133333 2.166667 2.200000 2.233333 2.266667 2.300000 2.333333 2.366667 2.400000 2.433333 2.466667 2.500000 2.533333 2.566667 2.600000 2.633333
2.666667 2.700000 2.733333 2.766667 2.800000 2.833333 2.866667 2.900000 2.933333 2.966667 3.000000 3.033333 3.066667 3.100000 3.133333 3.166667
3.200000 3.233333 3.266667 3.300000 3.333333 3.366667 3.400000 3.433333 3.466667 3.500000 3.533333 3.566667 3.600000 3.633333 3.666667 3.700000
3.733333 3.766667 3.800000 3.833333 3.866667 3.900000 3.933333 3.966667 4.000000 4.033333 4.066667 4.100000 4.133333 4.166667 4.200000 4.233333
4.266667 4.300000 4.333333 4.366667 4.400000 4.433333 4.466667 4.500000 4.533333 4.566667 4.600000 4.633333 4.666667 4.700000 4.733333 4.766667</float_array>
        <technique_common>
          <accessor source="#mixamorig_Hips-Matrix-animation-input-array" count="144">
            <param name="TIME" type="float"/>
          </accessor>
        </technique_common>
      </source>
      <source id="mixamorig_Hips-Matrix-animation-output-transform">
        <float_array id="mixamorig_Hips-Matrix-animation-output-transform-array" count="2304">

0.962769 -0.002760 -0.270310 0.528973 -0.020932 0.996185 -0.084722 97.798050 0.269513 0.087226 0.959038 -2.225986 0.000000 0.000000 0.000000 1.000000
0.962359 -0.009581 -0.271611 0.767133 -0.021137 0.993713 -0.109943 97.258545 0.270957 0.111546 0.956107 -2.448122 0.000000 0.000000 0.000000 1.000000
0.962943 -0.019805 -0.268977 1.024364 -0.019104 0.989786 -0.141273 96.499138 0.269028 0.141177 0.952729 -2.684241 0.000000 0.000000 0.000000 1.000000
0.964344 -0.032813 -0.262611 1.299888 -0.014501 0.984242 -0.176233 95.517502 0.264255 0.173757 0.948672 -2.892510 0.000000 0.000000 0.000000 1.000000
0.966024 -0.047878 -0.253979 1.587733 -0.007051 0.977443 -0.211080 94.336266 0.258357 0.205699 0.943896 -3.025243 0.000000 0.000000 0.000000 1.000000
0.967019 -0.063797 -0.246583 1.862669 0.002616 0.970560 -0.240847 93.055214 0.254689 0.232258 0.938717 -3.050504 0.000000 0.000000 0.000000 1.000000
0.966736 -0.078910 -0.243301 2.073810 0.012990 0.965141 -0.261409 91.846268 0.255448 0.249553 0.934061 -2.968608 0.000000 0.000000 0.000000 1.000000
0.965602 -0.090895 -0.243621 2.153625 0.022513 0.962619 -0.269921 90.938057 0.259048 0.255151 0.931553 -2.800097 0.000000 0.000000 0.000000 1.000000
0.965060 -0.097164 -0.243350 2.040941 0.030630 0.964173 -0.263501 90.580048 0.260234 0.246841 0.933460 -2.548140 0.000000 0.000000 0.000000 1.000000
0.966716 -0.096117 -0.237110 1.701303 0.037904 0.970328 -0.238804 90.977646 0.253027 0.221868 0.941675 -2.169234 0.000000 0.000000 0.000000 1.000000
0.971046 -0.088466 -0.221910 1.137016 0.044802 0.979862 -0.194584 92.193405 0.234655 0.179008 0.955454 -1.583996 0.000000 0.000000 0.000000 1.000000
0.976719 -0.077510 -0.200029 0.388923 0.050744 0.989460 -0.135628 94.053162 0.208433 0.122320 0.970357 -0.732810 0.000000 0.000000 0.000000 1.000000
0.981465 -0.067666 -0.179297 -0.470592 0.055167 0.995745 -0.073809 96.134666 0.183528 0.062550 0.981022 0.360891 0.000000 0.000000 0.000000 1.000000
0.983685 -0.061908 -0.168910 -1.356508 0.058704 0.997989 -0.023903 97.898438 0.170050 0.013598 0.985342 1.575671 0.000000 0.000000 0.000000 1.000000
0.983279 -0.059707 -0.172039 -2.195407 0.061169 0.998122 0.003204 98.944191 0.171525 -0.013674 0.985085 2.753787 0.000000 0.000000 0.000000 1.000000
0.981720 -0.057245 -0.181517 -2.940742 0.059183 0.998233 0.005275 99.198883 0.180895 -0.015921 0.983374 3.806325 0.000000 0.000000 0.000000 1.000000
0.981669 -0.051015 -0.183641 -3.579545 0.049919 0.998697 -0.010589 98.907486 0.183942 0.001228 0.982936 4.770668 0.000000 0.000000 0.000000 1.000000
0.984896 -0.041633 -0.168070 -4.125894 0.036815 0.998820 -0.031680 98.417267 0.169191 0.025014 0.985266 5.763059 0.000000 0.000000 0.000000 1.000000
0.990113 -0.033816 -0.136132 -4.601981 0.027871 0.998583 -0.045341 97.973724 0.137473 0.041099 0.989653 6.854344 0.000000 0.000000 0.000000 1.000000
0.994429 -0.031910 -0.100461 -5.018688 0.027626 0.998660 -0.043751 97.652199 0.101722 0.040732 0.993979 7.968592 0.000000 0.000000 0.000000 1.000000
0.996466 -0.036123 -0.075838 -5.369548 0.034136 0.999043 -0.027335 97.422813 0.076753 0.024650 0.996745 8.915994 0.000000 0.000000 0.000000 1.000000
0.996645 -0.043250 -0.069488 -5.640114 0.043062 0.999064 -0.004193 97.251358 0.069604 0.001187 0.997574 9.544245 0.000000 0.000000 0.000000 1.000000
0.995642 -0.049787 -0.078852 -5.822994 0.051163 0.998570 0.015521 97.141167 0.077966 -0.019488 0.996766 9.857001 0.000000 0.000000 0.000000 1.000000
0.993926 -0.053977 -0.095901 -5.926222 0.056694 0.998057 0.025832 97.105400 0.094321 -0.031112 0.995056 9.984838 0.000000 0.000000 0.000000 1.000000
0.992137 -0.055856 -0.112005 -5.974175 0.059265 0.997868 0.027341 97.129730 0.110239 -0.033764 0.993331 10.057201 0.000000 0.000000 0.000000 1.000000
0.991093 -0.056282 -0.120693 -6.003033 0.059739 0.997895 0.025218 97.173584 0.119020 -0.032203 0.992370 10.113227 0.000000 0.000000 0.000000 1.000000
0.991268 -0.056149 -0.119314 -6.047089 0.059506 0.997921 0.024752 97.201340 0.117676 -0.031635 0.992548 10.120985 0.000000 0.000000 0.000000 1.000000
0.992375 -0.056117 -0.109742 -6.121238 0.059483 0.997847 0.027640 97.206673 0.107955 -0.033957 0.993576 10.051325 0.000000 0.000000 0.000000 1.000000
0.993670 -0.056501 -0.097096 -6.215508 0.059820 0.997708 0.031612 97.211205 0.095087 -0.037220 0.994773 9.917391 0.000000 0.000000 0.000000 1.000000
0.994587 -0.057096 -0.086813 -6.306554 0.060179 0.997632 0.033308 97.242111 0.084705 -0.038352 0.995668 9.757483 0.000000 0.000000 0.000000 1.000000
0.994983 -0.057234 -0.082058 -6.373869 0.059987 0.997703 0.031484 97.310318 0.080068 -0.036249 0.996130 9.602491 0.000000 0.000000 0.000000 1.000000
0.994974 -0.056342 -0.082784 -6.409082 0.058808 0.997886 0.027668 97.405869 0.081051 -0.032397 0.996183 9.464835 0.000000 0.000000 0.000000 1.000000
0.994771 -0.054470 -0.086387 -6.416774 0.056771 0.998089 0.024414 97.509827 0.084892 -0.029190 0.995962 9.347372 0.000000 0.000000 0.000000 1.000000
0.994628 -0.052203 -0.089385 -6.409168 0.054501 0.998238 0.023463 97.608063 0.088002 -0.028208 0.995721 9.251809 0.000000 0.000000 0.000000 1.000000
0.994736 -0.050098 -0.089390 -6.398921 0.052549 0.998298 0.025282 97.697906 0.087972 -0.029846 0.995676 9.177509 0.000000 0.000000 0.000000 1.000000
0.995090 -0.048234 -0.086425 -6.395091 0.050965 0.998260 0.029670 97.786842 0.084844 -0.033929 0.995816 9.118347 0.000000 0.000000 0.000000 1.000000
0.995488 -0.046270 -0.082839 -6.405096 0.049415 0.998118 0.036324 97.885681 0.081003 -0.040254 0.995901 9.066855 0.000000 0.000000 0.000000 1.000000
0.995670 -0.043876 -0.081955 -6.441742 0.047665 0.997855 0.044865 97.998009 0.079811 -0.048577 0.995626 9.023005 0.000000 0.000000 0.000000 1.000000
0.995415 -0.041123 -0.086362 -6.530876 0.045950 0.997447 0.054670 98.112427 0.083894 -0.058388 0.994763 8.996002 0.000000 0.000000 0.000000 1.000000
0.994550 -0.038507 -0.096889 -6.712682 0.044923 0.996877 0.064941 98.205444 0.094086 -0.068940 0.993174 8.993563 0.000000 0.000000 0.000000 1.000000
0.992956 -0.036625 -0.112683 -7.031274 0.045236 0.996169 0.074841 98.259125 0.109511 -0.079411 0.990808 9.007803 0.000000 0.000000 0.000000 1.000000
0.990592 -0.035687 -0.132110 -7.514642 0.046985 0.995407 0.083416 98.281097 0.128526 -0.088839 0.987719 9.011709 0.000000 0.000000 0.000000 1.000000
0.987494 -0.035209 -0.153672 -8.154318 0.049387 0.994766 0.089447 98.303589 0.149718 -0.095918 0.984065 8.970113 0.000000 0.000000 0.000000 1.000000
0.983747 -0.034295 -0.176257 -8.899241 0.051082 0.994484 0.091607 98.354332 0.172143 -0.099122 0.980072 8.857197 0.000000 0.000000 0.000000 1.000000
0.979516 -0.032539 -0.198717 -9.672606 0.051105 0.994717 0.089027 98.421768 0.194771 -0.097359 0.976005 8.673425 0.000000 0.000000 0.000000 1.000000
0.975131 -0.030824 -0.219475 -10.404071 0.049887 0.995395 0.081853 98.451889 0.215941 -0.090766 0.972179 8.460165 0.000000 0.000000 0.000000 1.000000
0.971075 -0.031176 -0.236731 -11.060444 0.049359 0.996235 0.071272 98.386749 0.233618 -0.080895 0.968958 8.304224 0.000000 0.000000 0.000000 1.000000
0.967764 -0.035653 -0.249323 -11.656242 0.051902 0.996914 0.058901 98.215370 0.246454 -0.069942 0.966628 8.315939 0.000000 0.000000 0.000000 1.000000
0.965118 -0.045977 -0.257746 -12.177368 0.059817 0.997144 0.046110 98.042755 0.254889 -0.059919 0.965112 8.580766 0.000000 0.000000 0.000000 1.000000
0.962632 -0.060224 -0.264033 -12.604321 0.071655 0.996854 0.033870 97.916695 0.261163 -0.051524 0.963919 9.135608 0.000000 0.000000 0.000000 1.000000
0.959792 -0.074686 -0.270595 -12.913811 0.083976 0.996205 0.022901 97.842270 0.267858 -0.044703 0.962421 9.952693 0.000000 0.000000 0.000000 1.000000
0.956687 -0.086199 -0.278065 -13.109268 0.093699 0.995505 0.013770 97.765320 0.275628 -0.039229 0.960464 10.969007 0.000000 0.000000 0.000000 1.000000
0.954108 -0.093676 -0.284435 -13.223921 0.099731 0.994991 0.006847 97.622154 0.282369 -0.034900 0.958671 12.125327 0.000000 0.000000 0.000000 1.000000
0.953087 -0.097574 -0.286538 -13.290505 0.102447 0.994736 0.002027 97.375618 0.284832 -0.031287 0.958067 13.392524 0.000000 0.000000 0.000000 1.000000
0.954224 -0.098776 -0.282311 -13.317764 0.102490 0.994733 -0.001620 97.035240 0.280984 -0.027388 0.959322 14.762196 0.000000 0.000000 0.000000 1.000000
0.957433 -0.097848 -0.271564 -13.290871 0.100053 0.994965 -0.005750 96.646088 0.270760 -0.021666 0.962403 16.226986 0.000000 0.000000 0.000000 1.000000
0.962306 -0.094971 -0.254849 -13.185534 0.095065 0.995399 -0.011977 96.248352 0.254814 -0.012701 0.966907 17.772409 0.000000 0.000000 0.000000 1.000000
0.968468 -0.090364 -0.232172 -12.988353 0.087872 0.995909 -0.021071 95.822922 0.233126 0.000006 0.972447 19.365444 0.000000 0.000000 0.000000 1.000000
0.975480 -0.084521 -0.203214 -12.683447 0.079477 0.996295 -0.032870 95.221001 0.205239 0.015913 0.978582 20.951309 0.000000 0.000000 0.000000 1.000000
0.982378 -0.078696 -0.169528 -12.277590 0.071740 0.996326 -0.046780 94.293800 0.172586 0.033793 0.984415 22.389660 0.000000 0.000000 0.000000 1.000000
0.988033 -0.073520 -0.135593 -11.783051 0.065596 0.995917 -0.062020 92.764633 0.139599 0.052383 0.988822 23.517677 0.000000 0.000000 0.000000 1.000000
0.991954 -0.067434 -0.107141 -11.190138 0.059292 0.995232 -0.077448 90.405098 0.111853 0.070472 0.991223 24.227341 0.000000 0.000000 0.000000 1.000000
0.994523 -0.056794 -0.087743 -10.467588 0.048711 0.994597 -0.091673 87.221962 0.092476 0.086897 0.991916 24.622662 0.000000 0.000000 0.000000 1.000000
0.996276 -0.041672 -0.075477 -9.632737 0.033679 0.993983 -0.104232 83.289932 0.079367 0.101302 0.991685 24.866713 0.000000 0.000000 0.000000 1.000000
0.997671 -0.026809 -0.062715 -8.709864 0.019298 0.992893 -0.117438 78.782356 0.065417 0.115954 0.991098 25.228630 0.000000 0.000000 0.000000 1.000000
0.998931 -0.018838 -0.042206 -7.761069 0.012916 0.990563 -0.136447 74.016823 0.044378 0.135756 0.989748 25.874014 0.000000 0.000000 0.000000 1.000000
0.999650 -0.024730 -0.009400 -6.905231 0.022831 0.985900 -0.165773 69.251831 0.013367 0.165500 0.986119 26.736256 0.000000 0.000000 0.000000 1.000000
0.998393 -0.045031 0.034396 -6.227141 0.051168 0.977252 -0.205814 64.640068 -0.024346 0.207244 0.977986 27.632616 0.000000 0.000000 0.000000 1.000000
0.993835 -0.073686 0.082842 -5.731600 0.092567 0.962712 -0.254200 60.428814 -0.061022 0.260301 0.963597 28.488989 0.000000 0.000000 0.000000 1.000000
0.986140 -0.105023 0.128443 -5.314142 0.140481 0.940430 -0.309608 56.875137 -0.088275 0.323360 0.942149 29.163235 0.000000 0.000000 0.000000 1.000000
0.977015 -0.136425 0.163796 -4.767081 0.189161 0.909113 -0.371123 54.420719 -0.098279 0.393577 0.914023 29.661253 0.000000 0.000000 0.000000 1.000000
0.968794 -0.168265 0.182004 -3.980140 0.232825 0.869664 -0.435290 53.427746 -0.085038 0.464081 0.881701 30.166307 0.000000 0.000000 0.000000 1.000000
0.963189 -0.197824 0.182021 -2.981143 0.263754 0.826308 -0.497643 53.874969 -0.051960 0.527334 0.848068 30.907619 0.000000 0.000000 0.000000 1.000000
0.959976 -0.219877 0.173493 -2.045125 0.279743 0.783162 -0.555339 55.116920 -0.013767 0.581646 0.813326 31.974680 0.000000 0.000000 0.000000 1.000000
0.957960 -0.229651 0.171968 -1.453979 0.286674 0.742323 -0.605619 56.290462 0.011425 0.629458 0.776951 33.305538 0.000000 0.000000 0.000000 1.000000
0.955698 -0.228215 0.185902 -1.310079 0.293930 0.706175 -0.644144 56.806583 0.015724 0.670249 0.741969 34.709217 0.000000 0.000000 0.000000 1.000000
0.952581 -0.221188 0.208963 -1.522277 0.304240 0.680486 -0.666616 56.596233 0.005251 0.698580 0.715512 36.004524 0.000000 0.000000 0.000000 1.000000
0.950300 -0.213567 0.226536 -1.900208 0.311218 0.671498 -0.672483 55.970211 -0.008498 0.709563 0.704591 37.089230 0.000000 0.000000 0.000000 1.000000
0.951340 -0.206342 0.228855 -2.272280 0.307618 0.679267 -0.666309 55.353230 -0.017966 0.704287 0.709688 37.962692 0.000000 0.000000 0.000000 1.000000
0.955339 -0.200137 0.217421 -2.541620 0.294810 0.696125 -0.654597 55.014668 -0.020343 0.689460 0.724038 38.635078 0.000000 0.000000 0.000000 1.000000
0.959959 -0.195620 0.200529 -2.723892 0.279609 0.713172 -0.642810 55.074947 -0.017265 0.673141 0.739313 39.170425 0.000000 0.000000 0.000000 1.000000
0.962899 -0.194835 0.186723 -2.887126 0.269601 0.724992 -0.633800 55.428616 -0.011886 0.660626 0.750622 39.590851 0.000000 0.000000 0.000000 1.000000
0.963591 -0.197923 0.179776 -3.113642 0.267285 0.731039 -0.627807 55.856407 -0.007166 0.653000 0.757324 39.879917 0.000000 0.000000 0.000000 1.000000
0.962911 -0.201937 0.178950 -3.417910 0.269764 0.733748 -0.623572 56.140190 -0.005382 0.648719 0.761009 40.021187 0.000000 0.000000 0.000000 1.000000
0.962291 -0.202567 0.181555 -3.760882 0.271905 0.735783 -0.620235 56.197159 -0.007946 0.646212 0.763116 40.035706 0.000000 0.000000 0.000000 1.000000
0.962531 -0.197886 0.185407 -4.091836 0.270782 0.738108 -0.617959 56.095875 -0.014565 0.645010 0.764036 39.966675 0.000000 0.000000 0.000000 1.000000
0.963312 -0.189926 0.189626 -4.384844 0.267385 0.740051 -0.617114 55.979103 -0.023127 0.645177 0.763683 39.851215 0.000000 0.000000 0.000000 1.000000
0.963799 -0.182641 0.194252 -4.643993 0.264813 0.740620 -0.617541 55.958359 -0.031079 0.646626 0.762174 39.707653 0.000000 0.000000 0.000000 1.000000
0.963469 -0.178564 0.199605 -4.882199 0.265231 0.739541 -0.618653 56.052105 -0.037147 0.648995 0.759885 39.541451 0.000000 0.000000 0.000000 1.000000
0.962430 -0.177345 0.205613 -5.101341 0.268309 0.737410 -0.619868 56.202885 -0.041690 0.651748 0.757289 39.352364 0.000000 0.000000 0.000000 1.000000
0.961183 -0.177014 0.211647 -5.288615 0.272093 0.735313 -0.620710 56.326515 -0.045752 0.654203 0.754934 39.150085 0.000000 0.000000 0.000000 1.000000
0.960246 -0.175955 0.216721 -5.432711 0.274659 0.734282 -0.620800 56.372337 -0.049902 0.655645 0.753419 38.951962 0.000000 0.000000 0.000000 1.000000
0.959844 -0.173778 0.220231 -5.533288 0.275269 0.734823 -0.619889 56.343243 -0.054108 0.655619 0.753151 38.776917 0.000000 0.000000 0.000000 1.000000
0.959839 -0.171038 0.222386 -5.596806 0.274459 0.736766 -0.617939 56.277946 -0.058155 0.654158 0.754119 38.637535 0.000000 0.000000 0.000000 1.000000
0.959937 -0.168626 0.223797 -5.628883 0.273318 0.739550 -0.615113 56.216450 -0.061785 0.651637 0.756010 38.535652 0.000000 0.000000 0.000000 1.000000
0.959941 -0.167290 0.224781 -5.633079 0.272648 0.742677 -0.611632 56.177124 -0.064619 0.648417 0.758538 38.462139 0.000000 0.000000 0.000000 1.000000
0.959846 -0.167318 0.225166 -5.612078 0.272583 0.745940 -0.607678 56.153103 -0.066285 0.644654 0.761595 38.401981 0.000000 0.000000 0.000000 1.000000
0.959735 -0.168479 0.224776 -5.564290 0.272854 0.749341 -0.603356 56.124138 -0.066781 0.640393 0.765139 38.342892 0.000000 0.000000 0.000000 1.000000
0.959585 -0.170362 0.223995 -5.475996 0.273409 0.752924 -0.598626 56.070736 -0.066668 0.635675 0.769073 38.282936 0.000000 0.000000 0.000000 1.000000
0.959170 -0.172972 0.223772 -5.317969 0.274845 0.756727 -0.593149 55.980942 -0.066737 0.630433 0.773370 38.229702 0.000000 0.000000 0.000000 1.000000
0.958137 -0.177094 0.224969 -5.052738 0.278258 0.761016 -0.586027 55.851898 -0.067424 0.624093 0.778435 38.189133 0.000000 0.000000 0.000000 1.000000
0.956263 -0.184105 0.227304 -4.653464 0.284429 0.766632 -0.575652 55.694981 -0.068278 0.615127 0.785466 38.150356 0.000000 0.000000 0.000000 1.000000
0.953803 -0.194872 0.228658 -4.126245 0.292613 0.775081 -0.560024 55.545052 -0.068095 0.601061 0.796297 38.077713 0.000000 0.000000 0.000000 1.000000
0.951755 -0.208236 0.225390 -3.519207 0.299762 0.787986 -0.537792 55.462505 -0.065616 0.579409 0.812391 37.920116 0.000000 0.000000 0.000000 1.000000
0.951570 -0.220503 0.214227 -2.908672 0.301462 0.805912 -0.509536 55.519676 -0.060294 0.549441 0.833354 37.637585 0.000000 0.000000 0.000000 1.000000
0.954030 -0.227572 0.195034 -2.375654 0.295070 0.827262 -0.478091 55.766373 -0.052544 0.513661 0.856383 37.209713 0.000000 0.000000 0.000000 1.000000
0.958184 -0.228444 0.172328 -1.995545 0.282754 0.848398 -0.447516 56.218719 -0.043970 0.477529 0.877515 36.639851 0.000000 0.000000 0.000000 1.000000
0.962260 -0.224787 0.153382 -1.814182 0.269463 0.865794 -0.421652 56.949944 -0.038016 0.447070 0.893691 36.003147 0.000000 0.000000 0.000000 1.000000
0.964909 -0.220583 0.142453 -1.815903 0.260076 0.877615 -0.402681 58.004105 -0.036194 0.425600 0.904187 35.286385 0.000000 0.000000 0.000000 1.000000
0.966403 -0.217807 0.136474 -1.914911 0.254514 0.885034 -0.389791 59.419090 -0.035885 0.411430 0.910735 34.416973 0.000000 0.000000 0.000000 1.000000
0.968138 -0.216044 0.126625 -2.004151 0.248513 0.891134 -0.379635 61.176777 -0.030822 0.399007 0.916430 33.301292 0.000000 0.000000 0.000000 1.000000
0.971168 -0.214287 0.104467 -2.009476 0.237928 0.898656 -0.368520 63.187729 -0.014911 0.382751 0.923731 31.897465 0.000000 0.000000 0.000000 1.000000
0.974939 -0.212153 0.066973 -1.932970 0.222012 0.908408 -0.354269 65.325455 0.014320 0.360259 0.932742 30.248104 0.000000 0.000000 0.000000 1.000000
0.977713 -0.209260 0.016968 -1.837640 0.202655 0.919552 -0.336682 67.497925 0.054851 0.332617 0.941465 28.444794 0.000000 0.000000 0.000000 1.000000
0.978005 -0.204739 -0.039863 -1.828821 0.181988 0.930960 -0.316533 69.695450 0.101918 0.302316 0.947743 26.535040 0.000000 0.000000 0.000000 1.000000
0.975307 -0.198173 -0.097489 -2.040584 0.161976 0.941909 -0.294229 71.928001 0.150134 0.271172 0.950750 24.417261 0.000000 0.000000 0.000000 1.000000
0.970286 -0.189771 -0.150103 -2.559066 0.144423 0.951972 -0.269984 74.333405 0.194129 0.240283 0.951093 21.991247 0.000000 0.000000 0.000000 1.000000
0.964596 -0.180619 -0.192173 -3.399424 0.131013 0.960576 -0.245213 77.089531 0.228887 0.211354 0.950232 19.255829 0.000000 0.000000 0.000000 1.000000
0.960525 -0.171377 -0.219138 -4.534064 0.121635 0.967151 -0.223215 80.149147 0.250193 0.187749 0.949818 16.279123 0.000000 0.000000 0.000000 1.000000
0.959750 -0.158760 -0.231679 -5.849326 0.110393 0.971753 -0.208591 83.188972 0.258250 0.174619 0.950166 13.270839 0.000000 0.000000 0.000000 1.000000
0.962305 -0.146034 -0.229441 -7.203595 0.099265 0.974008 -0.203602 85.950859 0.253210 0.173152 0.951789 10.521723 0.000000 0.000000 0.000000 1.000000
0.966267 -0.134799 -0.219449 -8.460523 0.089137 0.974465 -0.206089 88.327393 0.241626 0.179575 0.953609 8.097795 0.000000 0.000000 0.000000 1.000000
0.969116 -0.124918 -0.212623 -9.461347 0.079726 0.974615 -0.209212 90.203362 0.233360 0.185799 0.954475 6.104884 0.000000 0.000000 0.000000 1.000000
0.968840 -0.116322 -0.218673 -10.159634 0.070651 0.975969 -0.206139 91.589844 0.237396 0.184266 0.953776 4.537588 0.000000 0.000000 0.000000 1.000000
0.964636 -0.108932 -0.240025 -10.554317 0.061981 0.978817 -0.195129 92.570297 0.256196 0.173352 0.950954 3.299178 0.000000 0.000000 0.000000 1.000000
0.957514 -0.102854 -0.269422 -10.681739 0.054844 0.982132 -0.180025 93.268173 0.283124 0.157600 0.946046 2.263235 0.000000 0.000000 0.000000 1.000000
0.950780 -0.097494 -0.294131 -10.599308 0.049543 0.984832 -0.166290 93.855919 0.305882 0.143533 0.941188 1.312210 0.000000 0.000000 0.000000 1.000000
0.948244 -0.091484 -0.304078 -10.365945 0.044825 0.986575 -0.157033 94.426491 0.314362 0.135276 0.939615 0.394391 0.000000 0.000000 0.000000 1.000000
0.951084 -0.084379 -0.297185 -10.013051 0.039965 0.987499 -0.152477 94.991432 0.306335 0.133142 0.942567 -0.510943 0.000000 0.000000 0.000000 1.000000
0.957295 -0.077472 -0.278538 -9.550928 0.035821 0.987788 -0.151629 95.533081 0.286884 0.135177 0.948380 -1.408996 0.000000 0.000000 0.000000 1.000000
0.963922 -0.073000 -0.255980 -8.974456 0.034048 0.987574 -0.153423 96.021782 0.263999 0.139172 0.954430 -2.256886 0.000000 0.000000 0.000000 1.000000
0.969038 -0.071563 -0.236312 -8.271925 0.034698 0.987048 -0.156626 96.414963 0.244460 0.143578 0.958971 -2.988780 0.000000 0.000000 0.000000 1.000000
0.971958 -0.071721 -0.223950 -7.439380 0.036050 0.986542 -0.159485 96.700134 0.232374 0.146939 0.961463 -3.543425 0.000000 0.000000 0.000000 1.000000
0.972600 -0.070775 -0.221448 -6.483928 0.035316 0.986458 -0.160164 96.897720 0.229785 0.147955 0.961929 -3.882812 0.000000 0.000000 0.000000 1.000000
0.971063 -0.066830 -0.229282 -5.437838 0.030691 0.987009 -0.157706 97.042091 0.236842 0.146105 0.960499 -4.001887 0.000000 0.000000 0.000000 1.000000
0.967677 -0.060047 -0.244940 -4.363539 0.022775 0.988079 -0.152253 97.162125 0.251162 0.141753 0.957509 -3.932003 0.000000 0.000000 0.000000 1.000000
0.963260 -0.051704 -0.263545 -3.336504 0.013624 0.989438 -0.144317 97.271858 0.268223 0.135424 0.953791 -3.730975 0.000000 0.000000 0.000000 1.000000
0.959005 -0.042809 -0.280136 -2.416735 0.005009 0.990931 -0.134280 97.378693 0.283344 0.127372 0.950522 -3.464047 0.000000 0.000000 0.000000 1.000000
0.955941 -0.033818 -0.291604 -1.633319 -0.002320 0.992441 -0.122702 97.486954 0.293550 0.117972 0.948636 -3.186355 0.000000 0.000000 0.000000 1.000000
0.954537 -0.025204 -0.297024 -0.990483 -0.008213 0.993817 -0.110725 97.593842 0.297978 0.108130 0.948429 -2.931909 0.000000 0.000000 0.000000 1.000000
0.954731 -0.017622 -0.296949 -0.480343 -0.012702 0.994918 -0.099882 97.687653 0.297200 0.099132 0.949655 -2.713810 0.000000 0.000000 0.000000 1.000000
0.956174 -0.011555 -0.292572 -0.087973 -0.015976 0.995674 -0.091533 97.754921 0.292364 0.092195 0.951853 -2.533182 0.000000 0.000000 0.000000 1.000000
0.958458 -0.007068 -0.285145 0.208945 -0.018354 0.996093 -0.086382 97.790901 0.284641 0.088027 0.954584 -2.387234 0.000000 0.000000 0.000000 1.000000
0.961220 -0.003839 -0.275755 0.439269 -0.020187 0.996241 -0.084237 97.803246 0.275041 0.086537 0.957530 -2.270498 0.000000 0.000000 0.000000 1.000000</float_array>
        <technique_common>
          <accessor source="#mixamorig_Hips-Matrix-animation-output-transform-array" count="144" stride="16">
            <param type="float4x4"/>
          </accessor>
        </technique_common>
      </source>
      <source id="mixamorig_Hips-Interpolations">
        <Name_array id="mixamorig_Hips-Interpolations-array" count="144">
 LINEAR LINEAR LINEAR LINEAR LINEAR LINEAR LINEAR LINEAR LINEAR LINEAR LINEAR
LINEAR LINEAR LINEAR LINEAR LINEAR LINEAR LINEAR LINEAR LINEAR LINEAR LINEAR LINEAR
LINEAR LINEAR LINEAR LINEAR LINEAR LINEAR LINEAR LINEAR LINEAR LINEAR LINEAR LINEAR
LINEAR LINEAR LINEAR LINEAR LINEAR LINEAR LINEAR LINEAR LINEAR LINEAR LINEAR LINEAR
LINEAR LINEAR LINEAR LINEAR LINEAR LINEAR LINEAR LINEAR LINEAR LINEAR LINEAR LINEAR
LINEAR LINEAR LINEAR LINEAR LINEAR LINEAR LINEAR LINEAR LINEAR LINEAR LINEAR LINEAR
LINEAR LINEAR LINEAR LINEAR LINEAR LINEAR LINEAR LINEAR LINEAR LINEAR LINEAR LINEAR
LINEAR LINEAR LINEAR LINEAR LINEAR LINEAR LINEAR LINEAR LINEAR LINEAR LINEAR LINEAR
LINEAR LINEAR LINEAR LINEAR LINEAR LINEAR LINEAR LINEAR LINEAR LINEAR LINEAR LINEAR
LINEAR LINEAR LINEAR LINEAR LINEAR LINEAR LINEAR LINEAR LINEAR LINEAR LINEAR LINEAR
LINEAR LINEAR LINEAR LINEAR LINEAR LINEAR LINEAR LINEAR LINEAR LINEAR LINEAR LINEAR
LINEAR LINEAR LINEAR LINEAR LINEAR LINEAR LINEAR LINEAR LINEAR LINEAR LINEAR LINEAR
LINEAR</Name_array>
        <technique_common>
          <accessor source="#mixamorig_Hips-Interpolations-array" count="144">
            <param type="name"/>
          </accessor>
        </technique_common>
      </source>
      <sampler id="mixamorig_Hips-Matrix-animation-transform">
        <input semantic="INPUT" source="#mixamorig_Hips-Matrix-animation-input"/>
        <input semantic="OUTPUT" source="#mixamorig_Hips-Matrix-animation-output-transform"/>
        <input semantic="INTERPOLATION" source="#mixamorig_Hips-Interpolations"/>
      </sampler>
      <channel source="#mixamorig_Hips-Matrix-animation-transform" target="mixamorig_Hips/matrix"/>
    </animation>
    <animation id="mixamorig_Spine-anim" name="mixamorig_Spine">
      <source id="mixamorig_Spine-Matrix-animation-input">
        <float_array id="mixamorig_Spine-Matrix-animation-input-array" count="144">

0.000000 0.033333 0.066667 0.100000 0.133333 0.166667 0.200000 0.233333 0.266667 0.300000 0.333333 0.366667 0.400000 0.433333 0.466667 0.500000
0.533333 0.566667 0.600000 0.633333 0.666667 0.700000 0.733333 0.766667 0.800000 0.833333 0.866667 0.900000 0.933333 0.966667 1.000000 1.033333
1.066667 1.100000 1.133333 1.166667 1.200000 1.233333 1.266667 1.300000 1.333333 1.366667 1.400000 1.433333 1.466667 1.500000 1.533333 1.566667
1.600000 1.633333 1.666667 1.700000 1.733333 1.766667 1.800000 1.833333 1.866667 1.900000 1.933333 1.966667 2.000000 2.033333 2.066667 2.100000
2.133333 2.166667 2.200000 2.233333 2.266667 2.300000 2.333333 2.366667 2.400000 2.433333 2.466667 2.500000 2.533333 2.566667 2.600000 2.633333
2.666667 2.700000 2.733333 2.766667 2.800000 2.833333 2.866667 2.900000 2.933333 2.966667 3.000000 3.033333 3.066667 3.100000 3.133333 3.166667
3.200000 3.233333 3.266667 3.300000 3.333333 3.366667 3.400000 3.433333 3.466667 3.500000 3.533333 3.566667 3.600000 3.633333 3.666667 3.700000
3.733333 3.766667 3.800000 3.833333 3.866667 3.900000 3.933333 3.966667 4.000000 4.033333 4.066667 4.100000 4.133333 4.166667 4.200000 4.233333
4.266667 4.300000 4.333333 4.366667 4.400000 4.433333 4.466667 4.500000 4.533333 4.566667 4.600000 4.633333 4.666667 4.700000 4.733333 4.766667</float_array>
        <technique_common>
          <accessor source="#mixamorig_Spine-Matrix-animation-input-array" count="144">
            <param name="TIME" type="float"/>
          </accessor>
        </technique_common>
      </source>
      <source id="mixamorig_Spine-Matrix-animation-output-transform">
        <float_array id="mixamorig_Spine-Matrix-animation-output-transform-array" count="2304">

0.997030 0.000845 0.077011 0.000000 0.025025 0.942127 -0.334322 9.686900 -0.072837 0.335256 0.939307 -0.591100 0.000000 0.000000 0.000000 1.000000
0.997151 0.002248 0.075403 0.000000 0.023504 0.940541 -0.338866 9.686900 -0.071682 0.339672 0.937808 -0.591100 0.000000 0.000000 0.000000 1.000000
0.997384 0.003984 0.072182 -0.000000 0.021019 0.939363 -0.342280 9.686900 -0.069168 0.342902 0.936821 -0.591100 0.000000 0.000000 0.000000 1.000000
0.997604 0.005753 0.068948 0.000000 0.018371 0.938740 -0.344137 9.686900 -0.066704 0.344579 0.936385 -0.591100 0.000000 0.000000 0.000000 1.000000
0.997720 0.007638 0.067050 0.000000 0.015991 0.938517 -0.344864 9.686900 -0.065562 0.345150 0.936255 -0.591100 0.000000 0.000000 0.000000 1.000000
0.997674 0.009833 0.067454 0.000000 0.014041 0.938680 -0.344503 9.686900 -0.066705 0.344649 0.936359 -0.591100 0.000000 0.000000 0.000000 1.000000
0.997641 0.013833 0.067242 0.000000 0.010130 0.939102 -0.343489 9.686900 -0.067898 0.343359 0.936747 -0.591100 0.000000 0.000000 0.000000 1.000000
0.997522 0.017410 0.068169 0.000000 0.006980 0.939631 -0.342119 9.686900 -0.070010 0.341747 0.937181 -0.591100 0.000000 0.000000 0.000000 1.000000
0.997467 0.020992 0.067966 0.000000 0.003438 0.940122 -0.340819 9.686900 -0.071051 0.340190 0.937669 -0.591100 0.000000 0.000000 0.000000 1.000000
0.997492 0.022610 0.067072 -0.000000 0.001316 0.941519 -0.336957 9.686900 -0.070769 0.336200 0.939128 -0.591100 0.000000 0.000000 0.000000 1.000000
0.997606 0.023023 0.065211 0.000000 -0.000451 0.945100 -0.326782 9.686900 -0.069155 0.325970 0.942847 -0.591100 0.000000 0.000000 0.000000 1.000000
0.997736 0.023736 0.062932 -0.000000 -0.003291 0.951768 -0.306801 9.686900 -0.067179 0.305899 0.949691 -0.591100 0.000000 0.000000 0.000000 1.000000
0.997609 0.027398 0.063454 0.000000 -0.008908 0.961384 -0.275065 9.686900 -0.068540 0.273842 0.959329 -0.591100 0.000000 0.000000 0.000000 1.000000
0.997078 0.035054 0.067867 0.000000 -0.018043 0.971422 -0.236670 9.686900 -0.074224 0.234754 0.969217 -0.591100 0.000000 0.000000 0.000000 1.000000
0.996226 0.043642 0.075033 0.000000 -0.027977 0.979723 -0.198395 9.686900 -0.082170 0.195547 0.977246 -0.591100 0.000000 0.000000 0.000000 1.000000
0.994859 0.048891 0.088689 -0.000000 -0.033405 0.985158 -0.168370 9.686900 -0.095604 0.164542 0.981726 -0.591100 0.000000 0.000000 0.000000 1.000000
0.993126 0.052100 0.104818 -0.000000 -0.036130 0.988197 -0.148864 9.686900 -0.111337 0.144054 0.983287 -0.591100 0.000000 0.000000 0.000000 1.000000
0.992145 0.053520 0.113063 0.000000 -0.037522 0.989558 -0.139164 9.686900 -0.119331 0.133828 0.983794 -0.591100 0.000000 0.000000 0.000000 1.000000
0.992450 0.053101 0.110557 0.000000 -0.038298 0.990516 -0.131954 9.686900 -0.116515 0.126724 0.985071 -0.591100 0.000000 0.000000 0.000000 1.000000
0.993259 0.054989 0.102039 -0.000000 -0.041961 0.991181 -0.125693 9.686900 -0.108051 0.120564 0.986808 -0.591100 0.000000 0.000000 0.000000 1.000000
0.994322 0.059679 0.088109 0.000000 -0.048835 0.991514 -0.120476 9.686900 -0.094551 0.115489 0.988798 -0.591100 0.000000 0.000000 0.000000 1.000000
0.995028 0.063577 0.076663 0.000000 -0.054456 0.991790 -0.115703 9.686900 -0.083389 0.110953 0.990321 -0.591100 0.000000 0.000000 0.000000 1.000000
0.995039 0.066141 0.074319 -0.000000 -0.057632 0.992111 -0.111330 9.686900 -0.081096 0.106495 0.991001 -0.591100 0.000000 0.000000 0.000000 1.000000
0.994387 0.068379 0.080737 0.000000 -0.059596 0.992516 -0.106586 9.686900 -0.087421 0.101176 0.991020 -0.591100 0.000000 0.000000 0.000000 1.000000
0.993411 0.069830 0.090881 -0.000000 -0.060534 0.993012 -0.101306 9.686900 -0.097320 0.095137 0.990696 -0.591100 0.000000 0.000000 0.000000 1.000000
0.992614 0.070319 0.098855 -0.000000 -0.060774 0.993480 -0.096460 9.686900 -0.104994 0.089740 0.990416 -0.591100 0.000000 0.000000 0.000000 1.000000
0.992441 0.070204 0.100663 0.000000 -0.060805 0.993753 -0.093580 9.686900 -0.106604 0.086752 0.990510 -0.591100 0.000000 0.000000 0.000000 1.000000
0.992845 0.069611 0.097021 -0.000000 -0.060503 0.993746 -0.093856 9.686900 -0.102947 0.087314 0.990847 -0.591100 0.000000 0.000000 0.000000 1.000000
0.993494 0.068523 0.090963 -0.000000 -0.059735 0.993583 -0.096049 9.686900 -0.096961 0.089990 0.991212 -0.591100 0.000000 0.000000 0.000000 1.000000
0.994059 0.067193 0.085625 -0.000000 -0.058674 0.993416 -0.098396 9.686900 -0.091673 0.092787 0.991457 -0.591100 0.000000 0.000000 0.000000 1.000000
0.994331 0.065491 0.083766 -0.000000 -0.057026 0.993379 -0.099730 9.686900 -0.089742 0.094388 0.991482 -0.591100 0.000000 0.000000 0.000000 1.000000
0.994345 0.063238 0.085320 -0.000000 -0.054581 0.993465 -0.100245 9.686900 -0.091101 0.095021 0.991298 -0.591100 0.000000 0.000000 0.000000 1.000000
0.994234 0.060444 0.088570 0.000000 -0.051424 0.993577 -0.100797 9.686900 -0.094093 0.095661 0.990957 -0.591100 0.000000 0.000000 0.000000 1.000000
0.994173 0.057293 0.091313 0.000000 -0.047911 0.993649 -0.101817 9.686900 -0.096566 0.096849 0.990603 -0.591100 0.000000 0.000000 0.000000 1.000000
0.994271 0.053950 0.092270 -0.000000 -0.044334 0.993665 -0.103267 9.686900 -0.097257 0.098585 0.990365 -0.591100 0.000000 0.000000 0.000000 1.000000
0.994538 0.050275 0.091469 -0.000000 -0.040619 0.993692 -0.104530 9.686900 -0.096147 0.100243 0.990307 -0.591100 0.000000 0.000000 0.000000 1.000000
0.994916 0.046399 0.089385 0.000000 -0.036952 0.993829 -0.104589 9.686900 -0.093687 0.100754 0.990490 -0.591100 0.000000 0.000000 0.000000 1.000000
0.995258 0.042483 0.087506 0.000000 -0.033412 0.994157 -0.102642 9.686900 -0.091355 0.099231 0.990862 -0.591100 0.000000 0.000000 0.000000 1.000000
0.995469 0.039194 0.086638 0.000000 -0.030626 0.994705 -0.098101 9.686900 -0.090024 0.095003 0.991398 -0.591100 0.000000 0.000000 0.000000 1.000000
0.995522 0.037246 0.086883 0.000000 -0.029284 0.995404 -0.091179 9.686900 -0.089880 0.088226 0.992037 -0.591100 0.000000 0.000000 0.000000 1.000000
0.995451 0.037430 0.087615 -0.000000 -0.030151 0.996095 -0.082979 9.686900 -0.090379 0.079960 0.992692 -0.591100 0.000000 0.000000 0.000000 1.000000
0.995333 0.039561 0.088021 0.000000 -0.033019 0.996668 -0.074582 9.686900 -0.090679 0.071328 0.993323 -0.591100 0.000000 0.000000 0.000000 1.000000
0.995208 0.041984 0.088305 0.000000 -0.036128 0.997106 -0.066896 9.686900 -0.090858 0.063386 0.993845 -0.591100 0.000000 0.000000 0.000000 1.000000
0.995187 0.042942 0.088086 0.000000 -0.037708 0.997471 -0.060242 9.686900 -0.090450 0.056631 0.994290 -0.591100 0.000000 0.000000 0.000000 1.000000
0.995279 0.041367 0.087798 0.000000 -0.036644 0.997828 -0.054739 9.686900 -0.089872 0.051264 0.994633 -0.591100 0.000000 0.000000 0.000000 1.000000
0.995494 0.037193 0.087230 0.000000 -0.032871 0.998185 -0.050468 9.686900 -0.088949 0.047373 0.994909 -0.591100 0.000000 0.000000 0.000000 1.000000
0.995858 0.032068 0.085084 0.000000 -0.028018 0.998437 -0.048367 9.686900 -0.086502 0.045783 0.995199 -0.591100 0.000000 0.000000 0.000000 1.000000
0.996315 0.028175 0.081007 0.000000 -0.024216 0.998484 -0.049439 9.686900 -0.082277 0.047295 0.995487 -0.591100 0.000000 0.000000 0.000000 1.000000
0.996785 0.028057 0.075053 0.000000 -0.024176 0.998348 -0.052117 9.686900 -0.076392 0.050134 0.995817 -0.591100 0.000000 0.000000 0.000000 1.000000
0.997140 0.030443 0.069180 0.000000 -0.026776 0.998218 -0.053329 9.686900 -0.070680 0.051324 0.996178 -0.591100 0.000000 0.000000 0.000000 1.000000
0.997402 0.033593 0.063725 0.000000 -0.030254 0.998154 -0.052654 9.686900 -0.065376 0.050589 0.996578 -0.591100 0.000000 0.000000 0.000000 1.000000
0.997524 0.035956 0.060434 0.000000 -0.032871 0.998143 -0.051274 9.686900 -0.062166 0.049161 0.996854 -0.591100 0.000000 0.000000 0.000000 1.000000
0.997524 0.038097 0.059118 0.000000 -0.035134 0.998112 -0.050377 9.686900 -0.060926 0.048175 0.996979 -0.591100 0.000000 0.000000 0.000000 1.000000
0.997495 0.040118 0.058256 0.000000 -0.037215 0.998051 -0.050093 9.686900 -0.060152 0.047800 0.997044 -0.591100 0.000000 0.000000 0.000000 1.000000
0.997422 0.042369 0.057913 0.000000 -0.039573 0.998034 -0.048600 9.686900 -0.059858 0.046183 0.997138 -0.591100 0.000000 0.000000 0.000000 1.000000
0.997395 0.043281 0.057700 0.000000 -0.040776 0.998203 -0.043918 9.686900 -0.059497 0.041451 0.997367 -0.591100 0.000000 0.000000 0.000000 1.000000
0.997367 0.042705 0.058613 0.000000 -0.040604 0.998505 -0.036581 9.686900 -0.060087 0.034105 0.997610 -0.591100 0.000000 0.000000 0.000000 1.000000
0.997356 0.041632 0.059572 -0.000000 -0.039879 0.998745 -0.030310 9.686900 -0.060759 0.027854 0.997764 -0.591100 0.000000 0.000000 0.000000 1.000000
0.997329 0.043324 0.058802 0.000000 -0.041619 0.998686 -0.029912 9.686900 -0.060021 0.027385 0.997821 -0.591100 0.000000 0.000000 0.000000 1.000000
0.997139 0.052010 0.054861 0.000000 -0.049715 0.997863 -0.042409 9.686900 -0.056949 0.039560 0.997593 -0.591100 0.000000 0.000000 0.000000 1.000000
0.996593 0.066807 0.048361 0.000000 -0.063323 0.995513 -0.070318 9.686900 -0.052842 0.067017 0.996352 -0.591100 0.000000 0.000000 0.000000 1.000000
0.995736 0.082835 0.040593 0.000000 -0.077852 0.990668 -0.111873 9.686900 -0.049481 0.108235 0.992893 -0.591100 0.000000 0.000000 0.000000 1.000000
0.995109 0.092777 0.033912 -0.000000 -0.086187 0.983213 -0.160821 9.686900 -0.048263 0.157112 0.986401 -0.591100 0.000000 0.000000 0.000000 1.000000
0.995195 0.093028 0.030534 -0.000000 -0.084618 0.974081 -0.209775 9.686900 -0.049257 0.206183 0.977273 -0.591100 0.000000 0.000000 0.000000 1.000000
0.995897 0.085936 0.028348 -0.000000 -0.075789 0.963275 -0.257600 9.686900 -0.049444 0.254395 0.965836 -0.591100 0.000000 0.000000 0.000000 1.000000
0.996822 0.075789 0.024522 0.000000 -0.064859 0.950940 -0.302501 9.686900 -0.046245 0.299949 0.952834 -0.591100 0.000000 0.000000 0.000000 1.000000
0.997527 0.067759 0.018681 -0.000000 -0.057147 0.936611 -0.345678 9.686900 -0.040920 0.343755 0.938167 -0.591100 0.000000 0.000000 0.000000 1.000000
0.997961 0.062026 0.015062 -0.000000 -0.050934 0.916077 -0.397755 9.686900 -0.038469 0.396176 0.917368 -0.591100 0.000000 0.000000 0.000000 1.000000
0.998438 0.055272 0.008161 0.000000 -0.045704 0.892005 -0.449709 9.686900 -0.032136 0.448634 0.893138 -0.591100 0.000000 0.000000 0.000000 1.000000
0.999219 0.039503 -0.000070 0.000000 -0.034213 0.864534 -0.501408 9.686900 -0.019747 0.501019 0.865211 -0.591100 0.000000 0.000000 0.000000 1.000000
0.999865 0.013623 -0.009133 0.000000 -0.016400 0.836255 -0.548095 9.686900 0.000171 0.548171 0.836366 -0.591100 0.000000 0.000000 0.000000 1.000000
0.999645 -0.012116 -0.023726 -0.000000 -0.004015 0.811916 -0.583761 9.686900 0.026336 0.583649 0.811579 -0.591100 0.000000 0.000000 0.000000 1.000000
0.998989 -0.035549 -0.027502 0.000000 0.011474 0.793336 -0.608676 9.686900 0.043456 0.607746 0.792942 -0.591100 0.000000 0.000000 0.000000 1.000000
0.998139 -0.050638 -0.033979 0.000000 0.018288 0.780109 -0.625376 9.686900 0.058175 0.623591 0.779583 -0.591100 0.000000 0.000000 0.000000 1.000000
0.997461 -0.059384 -0.039304 -0.000000 0.021229 0.774791 -0.631860 9.686900 0.067975 0.629422 0.774085 -0.591100 0.000000 0.000000 0.000000 1.000000
0.997066 -0.070609 -0.029550 -0.000000 0.036528 0.778197 -0.626957 9.686900 0.067264 0.624038 0.778493 -0.591100 0.000000 0.000000 0.000000 1.000000
0.996695 -0.080166 -0.013170 0.000000 0.054802 0.783111 -0.619463 9.686900 0.059973 0.616694 0.784915 -0.591100 0.000000 0.000000 0.000000 1.000000
0.996103 -0.088175 -0.001936 0.000000 0.068563 0.787980 -0.611871 9.686900 0.055477 0.609354 0.790955 -0.591100 0.000000 0.000000 0.000000 1.000000
0.995853 -0.090934 0.002933 -0.000000 0.073736 0.787786 -0.611520 9.686900 0.053298 0.609200 0.791224 -0.591100 0.000000 0.000000 0.000000 1.000000
0.996230 -0.086601 0.005155 0.000000 0.071162 0.781752 -0.619515 9.686900 0.049621 0.617546 0.784968 -0.591100 0.000000 0.000000 0.000000 1.000000
0.996943 -0.077945 0.005376 0.000000 0.063841 0.773009 -0.631175 9.686900 0.045041 0.629589 0.775622 -0.591100 0.000000 0.000000 0.000000 1.000000
