<?xml version="1.0" encoding="utf-8"?>
<COLLADA xmlns="http://www.collada.org/2005/11/COLLADASchema" version="1.4.1">
  <asset>
    <contributor>
      <author>Mixamo</author>
      <authoring_tool>COLLADA Mixamo exporter</authoring_tool>
      <comments/>
    </contributor>
    <created>2025-12-24T07:57:35Z</created>
    <modified>2025-12-24T07:57:35Z</modified>
    <revision/>
    <title/>
    <unit meter="0.010000"/>
    <up_axis>Y_UP</up_axis>
  </asset>
  <library_animations>
    <animation id="mixamorig_Hips-anim" name="mixamorig_Hips">
      <source id="mixamorig_Hips-Matrix-animation-input">
        <float_array id="mixamorig_Hips-Matrix-animation-input-array" count="43">

0.000000 0.033333 0.066667 0.100000 0.133333 0.166667 0.200000 0.233333 0.266667 0.300000 0.333333 0.366667 0.400000 0.433333 0.466667 0.500000
0.533333 0.566667 0.600000 0.633333 0.666667 0.700000 0.733333 0.766667 0.800000 0.833333 0.866667 0.900000 0.933333 0.966667 1.000000 1.033333
1.066667 1.100000 1.133333 1.166667 1.200000 1.233333 1.266667 1.300000 1.333333 1.366667 1.400000</float_array>
        <technique_common>
          <accessor source="#mixamorig_Hips-Matrix-animation-input-array" count="43">
            <param name="TIME" type="float"/>
          </accessor>
        </technique_common>
      </source>
      <source id="mixamorig_Hips-Matrix-animation-output-transform">
        <float_array id="mixamorig_Hips-Matrix-animation-output-transform-array" count="688">

0.656174 0.105290 -0.747228 1.673056 -0.003922 0.990680 0.136150 91.328293 0.754599 -0.086407 0.650472 175.308990 0.000000 0.000000 0.000000 1.000000
0.619997 0.115302 -0.776086 1.754560 -0.008475 0.990070 0.140322 92.425423 0.784559 -0.080421 0.614817 179.521652 0.000000 0.000000 0.000000 1.000000
0.583017 0.114981 -0.804283 1.517560 -0.004647 0.990391 0.138219 93.894379 0.812447 -0.076846 0.577949 183.408356 0.000000 0.000000 0.000000 1.000000
0.550075 0.106649 -0.828277 1.140451 0.003826 0.991480 0.130203 95.539131 0.835106 -0.074791 0.544981 186.740601 0.000000 0.000000 0.000000 1.000000
0.524058 0.094157 -0.846462 0.757679 0.013239 0.992849 0.118637 97.193863 0.851580 -0.073379 0.519064 189.382599 0.000000 0.000000 0.000000 1.000000
0.507201 0.079933 -0.858113 0.313603 0.021500 0.994206 0.105317 98.817459 0.861560 -0.071866 0.502543 191.358948 0.000000 0.000000 0.000000 1.000000
0.494637 0.071614 -0.866144 -0.184061 0.014715 0.995766 0.090735 100.299728 0.868975 -0.057626 0.491489 192.721375 0.000000 0.000000 0.000000 1.000000
0.480419 0.063915 -0.874707 -0.643119 0.008180 0.996971 0.077342 101.445328 0.877001 -0.044312 0.478441 193.459091 0.000000 0.000000 0.000000 1.000000
0.464837 0.056916 -0.883565 -0.951755 0.000775 0.997905 0.064690 102.168694 0.885396 -0.030755 0.463819 193.647232 0.000000 0.000000 0.000000 1.000000
0.449685 0.050838 -0.891739 -1.109421 -0.007404 0.998557 0.053194 102.506554 0.893157 -0.017318 0.449412 193.455017 0.000000 0.000000 0.000000 1.000000
0.435205 0.044854 -0.899213 -1.109276 -0.015817 0.998985 0.042176 102.468048 0.900193 -0.004132 0.435473 192.789337 0.000000 0.000000 0.000000 1.000000
0.419684 0.038425 -0.906857 -0.889069 -0.024002 0.999224 0.031231 102.134132 0.907353 0.008659 0.420281 191.766022 0.000000 0.000000 0.000000 1.000000
0.404236 0.032395 -0.914081 -0.523782 -0.031659 0.999269 0.021413 101.658867 0.914107 0.020283 0.404966 190.456009 0.000000 0.000000 0.000000 1.000000
0.391835 0.026268 -0.919661 -0.061506 -0.038331 0.999191 0.012208 101.004715 0.919237 0.030467 0.392524 188.766373 0.000000 0.000000 0.000000 1.000000
0.382640 0.019986 -0.923681 0.474940 -0.043061 0.999065 0.003779 100.176559 0.922893 0.038329 0.383143 186.760681 0.000000 0.000000 0.000000 1.000000
0.374507 0.014281 -0.927114 0.963205 -0.046736 0.998901 -0.003493 99.243927 0.926046 0.044638 0.374763 184.620132 0.000000 0.000000 0.000000 1.000000
0.366909 0.008648 -0.930216 1.400702 -0.049864 0.998702 -0.010384 98.178749 0.928919 0.050195 0.366864 182.179428 0.000000 0.000000 0.000000 1.000000
0.359810 0.003097 -0.933020 1.817172 -0.052207 0.998495 -0.016819 96.998009 0.931564 0.054761 0.359430 179.388138 0.000000 0.000000 0.000000 1.000000
0.352750 -0.002093 -0.935715 2.328951 -0.054360 0.998263 -0.022725 95.807816 0.934137 0.058882 0.352024 176.679977 0.000000 0.000000 0.000000 1.000000
0.345191 -0.007319 -0.938504 2.889868 -0.056278 0.998009 -0.028482 94.664543 0.936844 0.062649 0.344091 174.077621 0.000000 0.000000 0.000000 1.000000
0.337276 -0.012492 -0.941323 3.443901 -0.057730 0.997756 -0.033925 93.455070 0.939634 0.065785 0.335798 171.387833 0.000000 0.000000 0.000000 1.000000
0.330113 -0.017197 -0.943785 3.939919 -0.058946 0.997507 -0.038794 92.167236 0.942099 0.068438 0.328276 168.826523 0.000000 0.000000 0.000000 1.000000
0.324292 -0.021572 -0.945711 4.323884 -0.060005 0.997257 -0.043324 90.884911 0.944052 0.070797 0.322108 166.527176 0.000000 0.000000 0.000000 1.000000
0.319264 -0.025882 -0.947312 4.529530 -0.060654 0.997019 -0.047682 89.675110 0.945723 0.072681 0.316742 164.410202 0.000000 0.000000 0.000000 1.000000
0.314566 -0.029907 -0.948764 4.512836 -0.061312 0.996776 -0.051748 88.678902 0.947254 0.074449 0.311718 162.522629 0.000000 0.000000 0.000000 1.000000
0.310237 -0.033487 -0.950069 4.326984 -0.062024 0.996537 -0.055378 87.880859 0.948634 0.076107 0.307085 160.893936 0.000000 0.000000 0.000000 1.000000
0.306359 -0.036563 -0.951214 4.022270 -0.062610 0.996324 -0.058462 87.339600 0.949855 0.077466 0.302943 159.526245 0.000000 0.000000 0.000000 1.000000
0.302550 -0.039222 -0.952326 3.637467 -0.062816 0.996160 -0.060984 87.024338 0.951061 0.078272 0.298925 158.494492 0.000000 0.000000 0.000000 1.000000
0.298662 -0.041539 -0.953455 3.206790 -0.062954 0.996019 -0.063114 87.022072 0.952280 0.078874 0.294858 157.787918 0.000000 0.000000 0.000000 1.000000
0.294880 -0.043571 -0.954540 2.765762 -0.063138 0.995888 -0.064964 87.298775 0.953446 0.079425 0.290917 157.356140 0.000000 0.000000 0.000000 1.000000
0.291389 -0.045370 -0.955528 2.350040 -0.063312 0.995770 -0.066588 87.793045 0.954507 0.079899 0.287284 157.156235 0.000000 0.000000 0.000000 1.000000
0.288200 -0.046966 -0.956418 1.995210 -0.063478 0.995662 -0.068021 88.454483 0.955464 0.080315 0.283969 157.094818 0.000000 0.000000 0.000000 1.000000
0.285217 -0.048477 -0.957236 1.736725 -0.063642 0.995558 -0.069380 89.232544 0.956348 0.080709 0.280865 157.105713 0.000000 0.000000 0.000000 1.000000
0.282415 -0.049956 -0.957991 1.595788 -0.063792 0.995455 -0.070716 90.075874 0.957169 0.081084 0.277944 157.191025 0.000000 0.000000 0.000000 1.000000
0.279596 -0.051409 -0.958740 1.501769 -0.063950 0.995351 -0.072022 90.933670 0.957986 0.081448 0.275008 157.329590 0.000000 0.000000 0.000000 1.000000
0.276678 -0.052863 -0.959508 1.435849 -0.064162 0.995241 -0.073333 91.753578 0.958818 0.081853 0.271970 157.526871 0.000000 0.000000 0.000000 1.000000
0.273683 -0.054380 -0.960281 1.393770 -0.064476 0.995117 -0.074729 92.478188 0.959656 0.082367 0.268841 157.784515 0.000000 0.000000 0.000000 1.000000
0.270460 -0.056032 -0.961099 1.367954 -0.064933 0.994970 -0.076279 93.061134 0.960539 0.083037 0.265462 158.082153 0.000000 0.000000 0.000000 1.000000
0.266964 -0.057827 -0.961970 1.352998 -0.065597 0.994793 -0.078004 93.449608 0.961471 0.083927 0.261781 158.442886 0.000000 0.000000 0.000000 1.000000
0.256441 -0.059165 -0.964747 1.347557 -0.069125 0.994446 -0.079360 93.590569 0.964085 0.087039 0.250927 158.766556 0.000000 0.000000 0.000000 1.000000
0.296691 -0.051222 -0.953599 1.473972 -0.057684 0.995776 -0.071435 93.467987 0.953230 0.076202 0.292483 158.672363 0.000000 0.000000 0.000000 1.000000
0.336831 -0.043664 -0.940552 1.688199 -0.046494 0.996934 -0.062932 93.132454 0.940417 0.064928 0.333768 158.572189 0.000000 0.000000 0.000000 1.000000
0.376713 -0.036523 -0.925610 1.964509 -0.035627 0.997912 -0.053876 92.640724 0.925645 0.053272 0.374625 158.448944 0.000000 0.000000 0.000000 1.000000</float_array>
        <technique_common>
          <accessor source="#mixamorig_Hips-Matrix-animation-output-transform-array" count="43" stride="16">
            <param type="float4x4"/>
          </accessor>
        </technique_common>
      </source>
      <source id="mixamorig_Hips-Interpolations">
        <Name_array id="mixamorig_Hips-Interpolations-array" count="43">
 LINEAR LINEAR LINEAR LINEAR LINEAR LINEAR LINEAR LINEAR LINEAR LINEAR LINEAR
LINEAR LINEAR LINEAR LINEAR LINEAR LINEAR LINEAR LINEAR LINEAR LINEAR LINEAR LINEAR
LINEAR LINEAR LINEAR LINEAR LINEAR LINEAR LINEAR LINEAR LINEAR LINEAR LINEAR LINEAR
LINEAR LINEAR LINEAR LINEAR LINEAR LINEAR LINEAR LINEAR</Name_array>
        <technique_common>
          <accessor source="#mixamorig_Hips-Interpolations-array" count="43">
            <param type="name"/>
          </accessor>
        </technique_common>
      </source>
      <sampler id="mixamorig_Hips-Matrix-animation-transform">
        <input semantic="INPUT" source="#mixamorig_Hips-Matrix-animation-input"/>
        <input semantic="OUTPUT" source="#mixamorig_Hips-Matrix-animation-output-transform"/>
        <input semantic="INTERPOLATION" source="#mixamorig_Hips-Interpolations"/>
      </sampler>
      <channel source="#mixamorig_Hips-Matrix-animation-transform" target="mixamorig_Hips/matrix"/>
    </animation>
    <animation id="mixamorig_Spine-anim" name="mixamorig_Spine">
      <source id="mixamorig_Spine-Matrix-animation-input">
        <float_array id="mixamorig_Spine-Matrix-animation-input-array" count="43">

0.000000 0.033333 0.066667 0.100000 0.133333 0.166667 0.200000 0.233333 0.266667 0.300000 0.333333 0.366667 0.400000 0.433333 0.466667 0.500000
0.533333 0.566667 0.600000 0.633333 0.666667 0.700000 0.733333 0.766667 0.800000 0.833333 0.866667 0.900000 0.933333 0.966667 1.000000 1.033333
1.066667 1.100000 1.133333 1.166667 1.200000 1.233333 1.266667 1.300000 1.333333 1.366667 1.400000</float_array>
        <technique_common>
          <accessor source="#mixamorig_Spine-Matrix-animation-input-array" count="43">
            <param name="TIME" type="float"/>
          </accessor>
        </technique_common>
      </source>
      <source id="mixamorig_Spine-Matrix-animation-output-transform">
        <float_array id="mixamorig_Spine-Matrix-animation-output-transform-array" count="688">

0.998010 -0.041057 -0.047855 0.000000 0.042301 0.998785 0.025291 9.686900 0.046759 -0.027265 0.998534 -0.591100 0.000000 0.000000 0.000000 1.000000
0.997430 -0.044671 -0.056013 0.000000 0.046513 0.998405 0.032009 9.686900 0.054494 -0.034532 0.997917 -0.591100 0.000000 0.000000 0.000000 1.000000
0.997034 -0.048570 -0.059706 -0.000000 0.050946 0.997942 0.038941 9.686900 0.057692 -0.041868 0.997456 -0.591100 0.000000 0.000000 0.000000 1.000000
0.996932 -0.049454 -0.060675 0.000000 0.052322 0.997541 0.046623 9.686900 0.058221 -0.049654 0.997068 -0.591100 0.000000 0.000000 0.000000 1.000000
0.996978 -0.049229 -0.060092 -0.000000 0.052366 0.997284 0.051798 9.686900 0.057379 -0.054788 0.996848 -0.591100 0.000000 0.000000 0.000000 1.000000
0.997210 -0.047386 -0.057683 -0.000000 0.050598 0.997172 0.055563 9.686900 0.054887 -0.058327 0.996787 -0.591100 0.000000 0.000000 0.000000 1.000000
0.997497 -0.043623 -0.055641 0.000000 0.046805 0.997263 0.057234 9.686900 0.052992 -0.059695 0.996809 -0.591100 0.000000 0.000000 0.000000 1.000000
0.997789 -0.039117 -0.053736 0.000000 0.042195 0.997460 0.057394 9.686900 0.051355 -0.059535 0.996904 -0.591100 0.000000 0.000000 0.000000 1.000000
0.998033 -0.035329 -0.051781 0.000000 0.038273 0.997640 0.057001 9.686900 0.049645 -0.058871 0.997030 -0.591100 0.000000 0.000000 0.000000 1.000000
0.998275 -0.031011 -0.049847 0.000000 0.033789 0.997864 0.055901 9.686900 0.048007 -0.057489 0.997191 -0.591100 0.000000 0.000000 0.000000 1.000000
0.998496 -0.026609 -0.047938 0.000000 0.029224 0.998075 0.054707 9.686900 0.046390 -0.056025 0.997351 -0.591100 0.000000 0.000000 0.000000 1.000000
0.998687 -0.022436 -0.046051 0.000000 0.024914 0.998232 0.053960 9.686900 0.044759 -0.055037 0.997481 -0.591100 0.000000 0.000000 0.000000 1.000000
0.998866 -0.017683 -0.044215 -0.000000 0.019989 0.998433 0.052272 9.686900 0.043221 -0.053097 0.997654 -0.591100 0.000000 0.000000 0.000000 1.000000
0.999020 -0.012520 -0.042449 0.000000 0.014626 0.998658 0.049685 9.686900 0.041770 -0.050257 0.997862 -0.591100 0.000000 0.000000 0.000000 1.000000
0.999146 -0.006274 -0.040836 0.000000 0.008199 0.998855 0.047135 9.686900 0.040494 -0.047430 0.998053 -0.591100 0.000000 0.000000 0.000000 1.000000
0.999225 -0.000512 -0.039357 0.000000 0.002266 0.999005 0.044551 9.686900 0.039295 -0.044606 0.998232 -0.591100 0.000000 0.000000 0.000000 1.000000
0.999266 0.005081 -0.037975 0.000000 -0.003486 0.999114 0.041936 9.686900 0.038155 -0.041773 0.998398 -0.591100 0.000000 0.000000 0.000000 1.000000
0.999297 0.008167 -0.036599 0.000000 -0.006731 0.999209 0.039195 9.686900 0.036890 -0.038922 0.998561 -0.591100 0.000000 0.000000 0.000000 1.000000
0.999312 0.011169 -0.035354 -0.000000 -0.009880 0.999288 0.036415 9.686900 0.035736 -0.036041 0.998711 -0.591100 0.000000 0.000000 0.000000 1.000000
0.999315 0.014113 -0.034212 0.000000 -0.012964 0.999352 0.033586 9.686900 0.034664 -0.033119 0.998850 -0.591100 0.000000 0.000000 0.000000 1.000000
0.999303 0.017101 -0.033171 0.000000 -0.016084 0.999399 0.030697 9.686900 0.033676 -0.030142 0.998978 -0.591100 0.000000 0.000000 0.000000 1.000000
0.999281 0.019946 -0.032230 0.000000 -0.019100 0.999470 0.026355 9.686900 0.032739 -0.025720 0.999133 -0.591100 0.000000 0.000000 0.000000 1.000000
0.999256 0.022389 -0.031393 -0.000000 -0.021759 0.999558 0.020273 9.686900 0.031833 -0.019574 0.999302 -0.591100 0.000000 0.000000 0.000000 1.000000
0.999230 0.024491 -0.030665 0.000000 -0.024054 0.999605 0.014556 9.686900 0.031009 -0.013807 0.999424 -0.591100 0.000000 0.000000 0.000000 1.000000
0.999214 0.025893 -0.030026 0.000000 -0.025620 0.999627 0.009456 9.686900 0.030260 -0.008680 0.999504 -0.591100 0.000000 0.000000 0.000000 1.000000
0.999215 0.026493 -0.029451 0.000000 -0.026332 0.999636 0.005832 9.686900 0.029594 -0.005052 0.999549 -0.591100 0.000000 0.000000 0.000000 1.000000
0.999221 0.026838 -0.028916 0.000000 -0.026774 0.999638 0.002623 9.686900 0.028976 -0.001847 0.999578 -0.591100 0.000000 0.000000 0.000000 1.000000
0.999222 0.027322 -0.028453 0.000000 -0.027338 0.999626 -0.000184 9.686900 0.028437 0.000962 0.999595 -0.591100 0.000000 0.000000 0.000000 1.000000
0.999221 0.027740 -0.028054 -0.000000 -0.027785 0.999613 -0.001224 9.686900 0.028009 0.002002 0.999606 -0.591100 0.000000 0.000000 0.000000 1.000000
0.999224 0.028012 -0.027699 -0.000000 -0.028069 0.999605 -0.001681 9.686900 0.027641 0.002457 0.999615 -0.591100 0.000000 0.000000 0.000000 1.000000
0.999229 0.028145 -0.027383 -0.000000 -0.028215 0.999600 -0.002162 9.686900 0.027312 0.002933 0.999623 -0.591100 0.000000 0.000000 0.000000 1.000000
0.999235 0.028186 -0.027112 0.000000 -0.028268 0.999597 -0.002653 9.686900 0.027027 0.003417 0.999629 -0.591100 0.000000 0.000000 0.000000 1.000000
0.999241 0.028172 -0.026886 0.000000 -0.028267 0.999595 -0.003139 9.686900 0.026787 0.003897 0.999634 -0.591100 0.000000 0.000000 0.000000 1.000000
0.999246 0.028101 -0.026797 0.000000 -0.028208 0.999596 -0.003603 9.686900 0.026684 0.004356 0.999634 -0.591100 0.000000 0.000000 0.000000 1.000000
0.999248 0.028010 -0.026806 -0.000000 -0.028128 0.999596 -0.004032 9.686900 0.026683 0.004783 0.999633 -0.591100 0.000000 0.000000 0.000000 1.000000
0.999251 0.027910 -0.026815 -0.000000 -0.028038 0.999597 -0.004415 9.686900 0.026681 0.005164 0.999631 -0.591100 0.000000 0.000000 0.000000 1.000000
0.999254 0.027790 -0.026819 -0.000000 -0.027927 0.999599 -0.004738 9.686900 0.026676 0.005484 0.999629 -0.591100 0.000000 0.000000 0.000000 1.000000
0.999258 0.027658 -0.026821 0.000000 -0.027801 0.999601 -0.004987 9.686900 0.026672 0.005729 0.999628 -0.591100 0.000000 0.000000 0.000000 1.000000
0.999262 0.027490 -0.026822 0.000000 -0.027637 0.999605 -0.005148 9.686900 0.026669 0.005885 0.999627 -0.591100 0.000000 0.000000 0.000000 1.000000
0.999269 0.027243 -0.026827 0.000000 -0.027391 0.999612 -0.005153 9.686900 0.026676 0.005884 0.999627 -0.591100 0.000000 0.000000 0.000000 1.000000
0.999292 0.027305 -0.025865 0.000000 -0.027445 0.999610 -0.005081 9.686900 0.025716 0.005787 0.999653 -0.591100 0.000000 0.000000 0.000000 1.000000
0.999334 0.026905 -0.024661 0.000000 -0.027028 0.999624 -0.004667 9.686900 0.024526 0.005331 0.999685 -0.591100 0.000000 0.000000 0.000000 1.000000
0.999397 0.026185 -0.022802 0.000000 -0.026283 0.999647 -0.003992 9.686900 0.022690 0.004589 0.999732 -0.591100 0.000000 0.000000 0.000000 1.000000</float_array>
        <technique_common>
          <accessor source="#mixamorig_Spine-Matrix-animation-output-transform-array" count="43" stride="16">
            <param type="float4x4"/>
          </accessor>
        </technique_common>
      </source>
      <source id="mixamorig_Spine-Interpolations">
        <Name_array id="mixamorig_Spine-Interpolations-array" count="43">
 LINEAR LINEAR LINEAR LINEAR LINEAR LINEAR LINEAR LINEAR LINEAR LINEAR LINEAR
LINEAR LINEAR LINEAR LINEAR LINEAR LINEAR LINEAR LINEAR LINEAR LINEAR LINEAR LINEAR
LINEAR LINEAR LINEAR LINEAR LINEAR LINEAR LINEAR LINEAR LINEAR LINEAR LINEAR LINEAR
LINEAR LINEAR LINEAR LINEAR LINEAR LINEAR LINEAR LINEAR</Name_array>
        <technique_common>
          <accessor source="#mixamorig_Spine-Interpolations-array" count="43">
            <param type="name"/>
          </accessor>
        </technique_common>
      </source>
      <sampler id="mixamorig_Spine-Matrix-animation-transform">
        <input semantic="INPUT" source="#mixamorig_Spine-Matrix-animation-input"/>
        <input semantic="OUTPUT" source="#mixamorig_Spine-Matrix-animation-output-transform"/>
        <input semantic="INTERPOLATION" source="#mixamorig_Spine-Interpolations"/>
      </sampler>
      <channel source="#mixamorig_Spine-Matrix-animation-transform" target="mixamorig_Spine/matrix"/>
    </animation>
    <animation id="mixamorig_Spine1-anim" name="mixamorig_Spine1">
      <source id="mixamorig_Spine1-Matrix-animation-input">
        <float_array id="mixamorig_Spine1-Matrix-animation-input-array" count="43">

0.000000 0.033333 0.066667 0.100000 0.133333 0.166667 0.200000 0.233333 0.266667 0.300000 0.333333 0.366667 0.400000 0.433333 0.466667 0.500000
0.533333 0.566667 0.600000 0.633333 0.666667 0.700000 0.733333 0.766667 0.800000 0.833333 0.866667 0.900000 0.933333 0.966667 1.000000 1.033333
1.066667 1.100000 1.133333 1.166667 1.200000 1.233333 1.266667 1.300000 1.333333 1.366667 1.400000</float_array>
        <technique_common>
          <accessor source="#mixamorig_Spine1-Matrix-animation-input-array" count="43">
            <param name="TIME" type="float"/>
          </accessor>
        </technique_common>
      </source>
      <source id="mixamorig_Spine1-Matrix-animation-output-transform">
        <float_array id="mixamorig_Spine1-Matrix-animation-output-transform-array" count="688">

0.993017 -0.071236 -0.094035 -0.000000 0.064469 0.995236 -0.073137 11.322300 0.098797 0.066563 0.992879 -0.000000 0.000000 0.000000 0.000000 1.000000
0.991920 -0.077686 -0.100299 0.000000 0.072107 0.995703 -0.058101 11.322300 0.104381 0.050399 0.993260 0.000000 0.000000 0.000000 0.000000 1.000000
0.992154 -0.085281 -0.091425 0.000000 0.081513 0.995692 -0.044182 11.322300 0.094799 0.036383 0.994831 0.000000 0.000000 0.000000 0.000000 1.000000
0.993467 -0.089602 -0.070678 0.000000 0.087554 0.995660 -0.031566 11.322300 0.073199 0.025172 0.997000 0.000000 0.000000 0.000000 0.000000 1.000000
0.994847 -0.091124 -0.044449 0.000000 0.090139 0.995648 -0.023677 11.322300 0.046413 0.019548 0.998731 0.000000 0.000000 0.000000 0.000000 1.000000
0.995859 -0.088795 -0.019508 0.000000 0.088466 0.995932 -0.017104 11.322300 0.020948 0.015308 0.999663 0.000000 0.000000 0.000000 0.000000 1.000000
0.996094 -0.088245 -0.003018 0.000000 0.088197 0.996013 -0.013375 11.322300 0.004187 0.013057 0.999906 0.000000 0.000000 0.000000 0.000000 1.000000
0.996437 -0.084106 0.006325 0.000000 0.084174 0.996384 -0.011562 11.322300 -0.005330 0.012053 0.999913 0.000000 0.000000 0.000000 0.000000 1.000000
0.996953 -0.076975 0.012603 0.000000 0.077114 0.996963 -0.010900 11.322300 -0.011726 0.011839 0.999861 0.000000 0.000000 0.000000 0.000000 1.000000
0.997700 -0.065362 0.017942 0.000000 0.065565 0.997788 -0.011005 11.322300 -0.017183 0.012156 0.999778 0.000000 0.000000 0.000000 0.000000 1.000000
0.998502 -0.051645 0.018098 0.000000 0.051879 0.998573 -0.012695 11.322300 -0.017416 0.013615 0.999756 0.000000 0.000000 0.000000 0.000000 1.000000
0.999220 -0.037095 0.013516 0.000000 0.037304 0.999183 -0.015565 11.322300 -0.012927 0.016057 0.999788 0.000000 0.000000 0.000000 0.000000 1.000000
0.999742 -0.020998 0.008614 0.000000 0.021166 0.999578 -0.019881 11.322300 -0.008193 0.020059 0.999765 0.000000 0.000000 0.000000 0.000000 1.000000
0.999972 -0.005473 0.005032 0.000000 0.005602 0.999647 -0.025966 11.322300 -0.004888 0.025994 0.999650 0.000000 0.000000 0.000000 0.000000 1.000000
0.999946 0.010170 0.001989 -0.000000 -0.010102 0.999438 -0.031950 11.322300 -0.002313 0.031929 0.999487 0.000000 0.000000 0.000000 0.000000 1.000000
0.999700 0.024478 -0.001125 0.000000 -0.024503 0.998983 -0.037855 11.322300 0.000197 0.037871 0.999283 0.000000 0.000000 0.000000 0.000000 1.000000
0.999326 0.036464 -0.004248 0.000000 -0.036615 0.998373 -0.043705 11.322300 0.002648 0.043831 0.999035 0.000000 0.000000 0.000000 0.000000 1.000000
0.998724 0.049944 -0.007530 0.000000 -0.050256 0.997509 -0.049504 11.322300 0.005039 0.049819 0.998746 0.000000 0.000000 0.000000 0.000000 1.000000
0.997941 0.063217 -0.010875 0.000000 -0.063724 0.996436 -0.055266 11.322300 0.007343 0.055845 0.998412 0.000000 0.000000 0.000000 0.000000 1.000000
0.997236 0.072946 -0.014119 -0.000000 -0.073677 0.995412 -0.061053 11.322300 0.009601 0.061925 0.998035 0.000000 0.000000 0.000000 0.000000 1.000000
0.996525 0.081463 -0.017345 0.000000 -0.082449 0.994349 -0.066872 11.322300 0.011800 0.068069 0.997611 0.000000 0.000000 0.000000 0.000000 1.000000
0.995902 0.088077 -0.020511 0.000000 -0.089378 0.993181 -0.074859 11.322300 0.013777 0.076385 0.996983 0.000000 0.000000 0.000000 0.000000 1.000000
0.995685 0.089777 -0.023472 -0.000000 -0.091472 0.992127 -0.085539 11.322300 0.015607 0.087317 0.996058 0.000000 0.000000 0.000000 0.000000 1.000000
0.995699 0.088830 -0.026308 0.000000 -0.091007 0.990991 -0.098261 11.322300 0.017342 0.100233 0.994813 0.000000 0.000000 0.000000 0.000000 1.000000
0.995769 0.087163 -0.029083 0.000000 -0.089895 0.989646 -0.111894 11.322300 0.019029 0.114035 0.993294 0.000000 0.000000 0.000000 0.000000 1.000000
0.995885 0.084875 -0.031778 -0.000000 -0.088162 0.988524 -0.122671 11.322300 0.021002 0.124968 0.991939 0.000000 0.000000 0.000000 0.000000 1.000000
0.996034 0.082068 -0.034379 0.000000 -0.085883 0.987744 -0.130329 11.322300 0.023262 0.132765 0.990875 -0.000000 0.000000 0.000000 0.000000 1.000000
0.996205 0.078841 -0.036871 0.000000 -0.083128 0.987399 -0.134662 11.322300 0.025790 0.137216 0.990205 0.000000 0.000000 0.000000 0.000000 1.000000
0.996389 0.075295 -0.039240 0.000000 -0.079967 0.987524 -0.135652 11.322300 0.028537 0.138300 0.989979 0.000000 0.000000 0.000000 0.000000 1.000000
0.996576 0.071530 -0.041476 -0.000000 -0.076538 0.987828 -0.135420 11.322300 0.031284 0.138130 0.989920 0.000000 0.000000 0.000000 0.000000 1.000000
0.996758 0.067644 -0.043566 0.000000 -0.072963 0.988146 -0.135067 11.322300 0.033913 0.137807 0.989878 -0.000000 0.000000 0.000000 0.000000 1.000000
0.996929 0.063741 -0.045494 0.000000 -0.069343 0.988467 -0.134625 11.322300 0.036389 0.137366 0.989852 0.000000 0.000000 0.000000 0.000000 1.000000
0.997084 0.059919 -0.047250 0.000000 -0.065775 0.988779 -0.134126 11.322300 0.038683 0.136843 0.989837 0.000000 0.000000 0.000000 0.000000 1.000000
0.997221 0.056279 -0.048816 0.000000 -0.062359 0.989072 -0.133599 11.322300 0.040763 0.136272 0.989832 0.000000 0.000000 0.000000 0.000000 1.000000
0.997337 0.052923 -0.050180 0.000000 -0.059194 0.989337 -0.133074 11.322300 0.042602 0.135690 0.989835 0.000000 0.000000 0.000000 0.000000 1.000000
0.997432 0.049950 -0.051327 0.000000 -0.056379 0.989568 -0.132579 11.322300 0.044169 0.135133 0.989843 -0.000000 0.000000 0.000000 0.000000 1.000000
0.997506 0.047463 -0.052243 -0.000000 -0.054016 0.989758 -0.132144 11.322300 0.045436 0.134637 0.989853 0.000000 0.000000 0.000000 0.000000 1.000000
0.997559 0.045562 -0.052915 0.000000 -0.052203 0.989901 -0.131797 11.322300 0.046375 0.134237 0.989863 0.000000 0.000000 0.000000 0.000000 1.000000
0.997592 0.044347 -0.053328 0.000000 -0.051042 0.989992 -0.131566 11.322300 0.046960 0.133972 0.989872 -0.000000 0.000000 0.000000 0.000000 1.000000
0.997603 0.043919 -0.053470 0.000000 -0.050634 0.990021 -0.131507 11.322300 0.047161 0.133899 0.989872 0.000000 0.000000 0.000000 0.000000 1.000000
0.997672 0.043526 -0.052499 0.000000 -0.050041 0.990254 -0.129971 11.322300 0.046330 0.132296 0.990127 -0.000000 0.000000 0.000000 0.000000 1.000000
0.997862 0.042416 -0.049721 0.000000 -0.048390 0.990866 -0.125870 11.322300 0.043928 0.128007 0.990800 0.000000 0.000000 0.000000 0.000000 1.000000
0.998143 0.040699 -0.045331 -0.000000 -0.045879 0.991735 -0.119824 11.322300 0.040079 0.121681 0.991760 0.000000 0.000000 0.000000 0.000000 1.000000</float_array>
        <technique_common>
          <accessor source="#mixamorig_Spine1-Matrix-animation-output-transform-array" count="43" stride="16">
            <param type="float4x4"/>
          </accessor>
        </technique_common>
      </source>
      <source id="mixamorig_Spine1-Interpolations">
        <Name_array id="mixamorig_Spine1-Interpolations-array" count="43">
 LINEAR LINEAR LINEAR LINEAR LINEAR LINEAR LINEAR LINEAR LINEAR LINEAR LINEAR
LINEAR LINEAR LINEAR LINEAR LINEAR LINEAR LINEAR LINEAR LINEAR LINEAR LINEAR LINEAR
LINEAR LINEAR LINEAR LINEAR LINEAR LINEAR LINEAR LINEAR LINEAR LINEAR LINEAR LINEAR
LINEAR LINEAR LINEAR LINEAR LINEAR LINEAR LINEAR LINEAR</Name_array>
        <technique_common>
          <accessor source="#mixamorig_Spine1-Interpolations-array" count="43">
            <param type="name"/>
          </accessor>
        </technique_common>
      </source>
      <sampler id="mixamorig_Spine1-Matrix-animation-transform">
        <input semantic="INPUT" source="#mixamorig_Spine1-Matrix-animation-input"/>
        <input semantic="OUTPUT" source="#mixamorig_Spine1-Matrix-animation-output-transform"/>
        <input semantic="INTERPOLATION" source="#mixamorig_Spine1-Interpolations"/>
      </sampler>
      <channel source="#mixamorig_Spine1-Matrix-animation-transform" target="mixamorig_Spine1/matrix"/>
    </animation>
    <animation id="mixamorig_Spine2-anim" name="mixamorig_Spine2">
      <source id="mixamorig_Spine2-Matrix-animation-input">
        <float_array id="mixamorig_Spine2-Matrix-animation-input-array" count="43">

0.000000 0.033333 0.066667 0.100000 0.133333 0.166667 0.200000 0.233333 0.266667 0.300000 0.333333 0.366667 0.400000 0.433333 0.466667 0.500000
0.533333 0.566667 0.600000 0.633333 0.666667 0.700000 0.733333 0.766667 0.800000 0.833333 0.866667 0.900000 0.933333 0.966667 1.000000 1.033333
1.066667 1.100000 1.133333 1.166667 1.200000 1.233333 1.266667 1.300000 1.333333 1.366667 1.400000</float_array>
        <technique_common>
          <accessor source="#mixamorig_Spine2-Matrix-animation-input-array" count="43">
            <param name="TIME" type="float"/>
          </accessor>
        </technique_common>
      </source>
      <source id="mixamorig_Spine2-Matrix-animation-output-transform">
        <float_array id="mixamorig_Spine2-Matrix-animation-output-transform-array" count="688">

0.993020 -0.070993 -0.094188 0.000000 0.064229 0.995261 -0.073002 12.939800 0.098924 0.066443 0.992874 0.000000 0.000000 0.000000 0.000000 1.000000
0.991939 -0.077166 -0.100506 0.000000 0.071556 0.995732 -0.058282 12.939800 0.104574 0.050621 0.993228 0.000000 0.000000 0.000000 0.000000 1.000000
0.992225 -0.084298 -0.091564 0.000000 0.080362 0.995710 -0.045865 12.939800 0.095037 0.038150 0.994742 0.000000 0.000000 0.000000 0.000000 1.000000
0.993592 -0.087939 -0.071007 0.000000 0.085578 0.995694 -0.035634 12.939800 0.073835 0.029329 0.996839 0.000000 0.000000 0.000000 0.000000 1.000000
0.995010 -0.089028 -0.045043 0.000000 0.087720 0.995687 -0.030213 12.939800 0.047539 0.026111 0.998528 0.000000 0.000000 0.000000 0.000000 1.000000
0.996025 -0.086747 -0.020233 0.000000 0.086227 0.995954 -0.025307 12.939800 0.022347 0.023462 0.999475 0.000000 0.000000 0.000000 0.000000 1.000000
0.996260 -0.086331 -0.003612 -0.000000 0.086228 0.996015 -0.022765 12.939800 0.005563 0.022368 0.999734 -0.000000 0.000000 0.000000 0.000000 1.000000
0.996589 -0.082313 0.005954 0.000000 0.082421 0.996376 -0.020992 12.939800 -0.004204 0.021411 0.999762 0.000000 0.000000 0.000000 0.000000 1.000000
0.997084 -0.075299 0.012403 -0.000000 0.075532 0.996953 -0.019489 12.939800 -0.010898 0.020369 0.999733 0.000000 0.000000 0.000000 0.000000 1.000000
0.997805 -0.063753 0.017916 0.000000 0.064077 0.997780 -0.018153 12.939800 -0.016719 0.019262 0.999675 -0.000000 0.000000 0.000000 0.000000 1.000000
0.998587 -0.049959 0.018115 0.000000 0.050289 0.998568 -0.018229 12.939800 -0.017178 0.019114 0.999670 0.000000 0.000000 0.000000 0.000000 1.000000
0.999286 -0.035324 0.013440 0.000000 0.035580 0.999180 -0.019301 12.939800 -0.012747 0.019766 0.999723 -0.000000 0.000000 0.000000 0.000000 1.000000
0.999783 -0.019067 0.008434 0.000000 0.019247 0.999577 -0.021781 12.939800 -0.008015 0.021938 0.999727 -0.000000 0.000000 0.000000 0.000000 1.000000
0.999984 -0.003184 0.004779 0.000000 0.003310 0.999641 -0.026583 12.939800 -0.004692 0.026598 0.999635 0.000000 0.000000 0.000000 0.000000 1.000000
0.999915 0.012947 0.001725 0.000000 -0.012887 0.999427 -0.031288 12.939800 -0.002129 0.031263 0.999509 0.000000 0.000000 0.000000 0.000000 1.000000
0.999610 0.027890 -0.001407 0.000000 -0.027923 0.998965 -0.035916 12.939800 0.000404 0.035941 0.999354 0.000000 0.000000 0.000000 0.000000 1.000000
0.999159 0.040744 -0.004556 0.000000 -0.040896 0.998343 -0.040492 12.939800 0.002898 0.040644 0.999169 -0.000000 0.000000 0.000000 0.000000 1.000000
0.998430 0.055458 -0.007879 0.000000 -0.055758 0.997429 -0.045017 12.939800 0.005362 0.045386 0.998955 0.000000 0.000000 0.000000 0.000000 1.000000
0.997487 0.069949 -0.011263 0.000000 -0.070424 0.996288 -0.049507 12.939800 0.007758 0.050176 0.998710 -0.000000 0.000000 0.000000 0.000000 1.000000
0.996711 0.079730 -0.014493 0.000000 -0.080403 0.995296 -0.054043 12.939800 0.010116 0.055031 0.998433 -0.000000 0.000000 0.000000 0.000000 1.000000
0.995980 0.087817 -0.017684 0.000000 -0.088713 0.994330 -0.058632 12.939800 0.012435 0.059965 0.998123 -0.000000 0.000000 0.000000 0.000000 1.000000
0.995265 0.094938 -0.020855 0.000000 -0.096118 0.993197 -0.065738 12.939800 0.014473 0.067431 0.997619 0.000000 0.000000 0.000000 0.000000 1.000000
0.994969 0.097311 -0.023828 0.000000 -0.098850 0.992243 -0.075388 12.939800 0.016307 0.077364 0.996870 0.000000 0.000000 0.000000 0.000000 1.000000
0.995003 0.096227 -0.026642 0.000000 -0.098200 0.991378 -0.086755 12.939800 0.018064 0.088937 0.995873 0.000000 0.000000 0.000000 0.000000 1.000000
0.995110 0.094300 -0.029390 0.000000 -0.096783 0.990333 -0.099371 12.939800 0.019735 0.101730 0.994616 -0.000000 0.000000 0.000000 0.000000 1.000000
0.995275 0.091648 -0.032055 0.000000 -0.094638 0.989479 -0.109428 12.939800 0.021689 0.111944 0.993478 0.000000 0.000000 0.000000 0.000000 1.000000
0.995484 0.088386 -0.034621 0.000000 -0.091853 0.988949 -0.116370 12.939800 0.023953 0.119025 0.992602 0.000000 0.000000 0.000000 0.000000 1.000000
0.995722 0.084633 -0.037078 0.000000 -0.088524 0.988775 -0.120361 12.939800 0.026475 0.123129 0.992038 0.000000 0.000000 0.000000 0.000000 1.000000
0.995975 0.080505 -0.039411 0.000000 -0.084761 0.988904 -0.122005 12.939800 0.029152 0.124855 0.991747 0.000000 0.000000 0.000000 0.000000 1.000000
0.996230 0.076118 -0.041612 0.000000 -0.080711 0.989124 -0.122961 12.939800 0.031800 0.125856 0.991539 -0.000000 0.000000 0.000000 0.000000 1.000000
0.996478 0.071591 -0.043666 0.000000 -0.076512 0.989326 -0.124018 12.939800 0.034321 0.126923 0.991319 0.000000 0.000000 0.000000 0.000000 1.000000
0.996710 0.067040 -0.045561 0.000000 -0.072275 0.989503 -0.125140 12.939800 0.036693 0.128021 0.991092 0.000000 0.000000 0.000000 0.000000 1.000000
0.996919 0.062583 -0.047283 0.000000 -0.068116 0.989652 -0.126286 12.939800 0.038890 0.129118 0.990866 -0.000000 0.000000 0.000000 0.000000 1.000000
0.997103 0.058337 -0.048818 0.000000 -0.064147 0.989773 -0.127416 12.939800 0.040886 0.130178 0.990647 0.000000 0.000000 0.000000 0.000000 1.000000
0.997258 0.054422 -0.050154 0.000000 -0.060480 0.989865 -0.128487 12.939800 0.042653 0.131168 0.990442 0.000000 0.000000 0.000000 0.000000 1.000000
0.997384 0.050953 -0.051276 0.000000 -0.057228 0.989932 -0.129457 12.939800 0.044164 0.132053 0.990258 0.000000 0.000000 0.000000 0.000000 1.000000
0.997481 0.048051 -0.052172 0.000000 -0.054504 0.989977 -0.130285 12.939800 0.045389 0.132800 0.990103 0.000000 0.000000 0.000000 0.000000 1.000000
0.997551 0.045832 -0.052828 0.000000 -0.052419 0.990005 -0.130927 12.939800 0.046300 0.133376 0.989983 0.000000 0.000000 0.000000 0.000000 1.000000
0.997594 0.044414 -0.053231 0.000000 -0.051085 0.990020 -0.131342 12.939800 0.046867 0.133746 0.989907 0.000000 0.000000 0.000000 0.000000 1.000000
0.997611 0.043919 -0.053329 0.000000 -0.050612 0.990029 -0.131458 12.939800 0.047024 0.133843 0.989886 0.000000 0.000000 0.000000 0.000000 1.000000
0.997673 0.043614 -0.052403 0.000000 -0.050112 0.990265 -0.129862 12.939800 0.046229 0.132186 0.990146 -0.000000 0.000000 0.000000 0.000000 1.000000
0.997851 0.042769 -0.049638 -0.000000 -0.048711 0.990904 -0.125448 12.939800 0.043821 0.127596 0.990858 0.000000 0.000000 0.000000 0.000000 1.000000
0.998114 0.041462 -0.045268 0.000000 -0.046595 0.991807 -0.118945 12.939800 0.039965 0.120829 0.991868 0.000000 0.000000 0.000000 0.000000 1.000000</float_array>
        <technique_common>
          <accessor source="#mixamorig_Spine2-Matrix-animation-output-transform-array" count="43" stride="16">
            <param type="float4x4"/>
          </accessor>
        </technique_common>
      </source>
      <source id="mixamorig_Spine2-Interpolations">
        <Name_array id="mixamorig_Spine2-Interpolations-array" count="43">
 LINEAR LINEAR LINEAR LINEAR LINEAR LINEAR LINEAR LINEAR LINEAR LINEAR LINEAR
LINEAR LINEAR LINEAR LINEAR LINEAR LINEAR LINEAR LINEAR LINEAR LINEAR LINEAR LINEAR
LINEAR LINEAR LINEAR LINEAR LINEAR LINEAR LINEAR LINEAR LINEAR LINEAR LINEAR LINEAR
LINEAR LINEAR LINEAR LINEAR LINEAR LINEAR LINEAR LINEAR</Name_array>
        <technique_common>
          <accessor source="#mixamorig_Spine2-Interpolations-array" count="43">
            <param type="name"/>
          </accessor>
        </technique_common>
      </source>
      <sampler id="mixamorig_Spine2-Matrix-animation-transform">
        <input semantic="INPUT" source="#mixamorig_Spine2-Matrix-animation-input"/>
        <input semantic="OUTPUT" source="#mixamorig_Spine2-Matrix-animation-output-transform"/>
        <input semantic="INTERPOLATION" source="#mixamorig_Spine2-Interpolations"/>
      </sampler>
      <channel source="#mixamorig_Spine2-Matrix-animation-transform" target="mixamorig_Spine2/matrix"/>
    </animation>
    <animation id="mixamorig_Neck-anim" name="mixamorig_Neck">
      <source id="mixamorig_Neck-Matrix-animation-input">
        <float_array id="mixamorig_Neck-Matrix-animation-input-array" count="43">

0.000000 0.033333 0.066667 0.100000 0.133333 0.166667 0.200000 0.233333 0.266667 0.300000 0.333333 0.366667 0.400000 0.433333 0.466667 0.500000
0.533333 0.566667 0.600000 0.633333 0.666667 0.700000 0.733333 0.766667 0.800000 0.833333 0.866667 0.900000 0.933333 0.966667 1.000000 1.033333
1.066667 1.100000 1.133333 1.166667 1.200000 1.233333 1.266667 1.300000 1.333333 1.366667 1.400000</float_array>
        <technique_common>
          <accessor source="#mixamorig_Neck-Matrix-animation-input-array" count="43">
            <param name="TIME" type="float"/>
          </accessor>
        </technique_common>
      </source>
      <source id="mixamorig_Neck-Matrix-animation-output-transform">
        <float_array id="mixamorig_Neck-Matrix-animation-output-transform-array" count="688">

0.998937 -0.011369 -0.044671 0.000000 0.015971 0.994444 0.104051 14.557300 0.043240 -0.104654 0.993568 0.000000 0.000000 0.000000 0.000000 1.000000
0.998608 -0.008261 -0.052095 0.000000 0.013283 0.995215 0.096805 14.557300 0.051046 -0.097362 0.993939 0.000000 0.000000 0.000000 0.000000 1.000000
0.998254 -0.008658 -0.058426 0.000000 0.013939 0.995791 0.090587 14.557300 0.057396 -0.091244 0.994173 0.000000 0.000000 0.000000 0.000000 1.000000
0.998023 -0.012328 -0.061625 0.000000 0.017517 0.996279 0.084390 14.557300 0.060356 -0.085302 0.994525 0.000000 0.000000 0.000000 0.000000 1.000000
0.997801 -0.018423 -0.063668 -0.000000 0.023463 0.996572 0.079331 14.557300 0.061988 -0.080650 0.994813 0.000000 0.000000 0.000000 0.000000 1.000000
0.997960 -0.027700 -0.057517 0.000000 0.031851 0.996856 0.072551 14.557300 0.055327 -0.074235 0.995705 0.000000 0.000000 0.000000 0.000000 1.000000
0.998643 -0.041817 -0.031040 0.000000 0.043768 0.996918 0.065109 14.557300 0.028221 -0.066380 0.997395 0.000000 0.000000 0.000000 0.000000 1.000000
0.998294 -0.058237 0.004267 0.000000 0.057887 0.996594 0.058724 14.557300 -0.007673 -0.058377 0.998265 0.000000 0.000000 0.000000 0.000000 1.000000
0.995799 -0.076742 0.049955 0.000000 0.073998 0.995761 0.054633 14.557300 -0.053936 -0.050707 0.997256 0.000000 0.000000 0.000000 0.000000 1.000000
0.991313 -0.094291 0.091689 0.000000 0.089603 0.994514 0.053976 14.557300 -0.096275 -0.045291 0.994324 0.000000 0.000000 0.000000 0.000000 1.000000
0.984585 -0.111353 0.134883 0.000000 0.104643 0.992939 0.055875 14.557300 -0.140152 -0.040899 0.989285 -0.000000 0.000000 0.000000 0.000000 1.000000
0.974301 -0.128418 0.185055 0.000000 0.119162 0.991039 0.060350 14.557300 -0.191147 -0.036747 0.980873 -0.000000 0.000000 0.000000 0.000000 1.000000
0.961904 -0.143328 0.232805 0.000000 0.131378 0.989124 0.066132 14.557300 -0.239751 -0.033027 0.970272 0.000000 0.000000 0.000000 0.000000 1.000000
0.950029 -0.154382 0.271313 -0.000000 0.139525 0.987498 0.073347 14.557300 -0.279245 -0.031826 0.959692 0.000000 0.000000 0.000000 0.000000 1.000000
0.940517 -0.160858 0.299254 0.000000 0.143081 0.986428 0.080550 14.557300 -0.308149 -0.032941 0.950768 0.000000 0.000000 0.000000 0.000000 1.000000
0.933591 -0.163781 0.318722 0.000000 0.143952 0.985929 0.084980 14.557300 -0.328155 -0.033456 0.944031 0.000000 0.000000 0.000000 0.000000 1.000000
0.927630 -0.165131 0.335015 0.000000 0.143396 0.985674 0.088792 14.557300 -0.344878 -0.034326 0.938020 0.000000 0.000000 0.000000 0.000000 1.000000
0.922099 -0.165303 0.349869 0.000000 0.142260 0.985659 0.090760 14.557300 -0.359854 -0.033917 0.932392 0.000000 0.000000 0.000000 0.000000 1.000000
0.917007 -0.164406 0.363412 0.000000 0.141089 0.985897 0.090003 14.557300 -0.373084 -0.031260 0.927271 0.000000 0.000000 0.000000 0.000000 1.000000
0.912346 -0.162551 0.375769 0.000000 0.138474 0.986230 0.090420 14.557300 -0.385293 -0.030460 0.922292 0.000000 0.000000 0.000000 0.000000 1.000000
0.908094 -0.159846 0.387060 0.000000 0.132669 0.986487 0.096136 14.557300 -0.397196 -0.035950 0.917029 0.000000 0.000000 0.000000 0.000000 1.000000
0.904220 -0.156398 0.397400 0.000000 0.124651 0.986663 0.104681 14.557300 -0.408471 -0.045118 0.911655 -0.000000 0.000000 0.000000 0.000000 1.000000
0.900685 -0.152315 0.406899 0.000000 0.114864 0.986691 0.115093 14.557300 -0.419014 -0.056925 0.906193 0.000000 0.000000 0.000000 0.000000 1.000000
