<?xml version="1.0" encoding="utf-8"?>
<COLLADA xmlns="http://www.collada.org/2005/11/COLLADASchema" version="1.4.1">
  <asset>
    <contributor>
      <author>Mixamo</author>
      <authoring_tool>COLLADA Mixamo exporter</authoring_tool>
      <comments/>
    </contributor>
    <created>2025-12-24T08:02:58Z</created>
    <modified>2025-12-24T08:02:58Z</modified>
    <revision/>
    <title/>
    <unit meter="0.010000"/>
    <up_axis>Y_UP</up_axis>
  </asset>
  <library_animations>
    <animation id="mixamorig_Hips-anim" name="mixamorig_Hips">
      <source id="mixamorig_Hips-Matrix-animation-input">
        <float_array id="mixamorig_Hips-Matrix-animation-input-array" count="61">

0.000000 0.033333 0.066667 0.100000 0.133333 0.166667 0.200000 0.233333 0.266667 0.300000 0.333333 0.366667 0.400000 0.433333 0.466667 0.500000
0.533333 0.566667 0.600000 0.633333 0.666667 0.700000 0.733333 0.766667 0.800000 0.833333 0.866667 0.900000 0.933333 0.966667 1.000000 1.033333
1.066667 1.100000 1.133333 1.166667 1.200000 1.233333 1.266667 1.300000 1.333333 1.366667 1.400000 1.433333 1.466667 1.500000 1.533333 1.566667
1.600000 1.633333 1.666667 1.700000 1.733333 1.766667 1.800000 1.833333 1.866667 1.900000 1.933333 1.966667 2.000000</float_array>
        <technique_common>
          <accessor source="#mixamorig_Hips-Matrix-animation-input-array" count="61">
            <param name="TIME" type="float"/>
          </accessor>
        </technique_common>
      </source>
      <source id="mixamorig_Hips-Matrix-animation-output-transform">
        <float_array id="mixamorig_Hips-Matrix-animation-output-transform-array" count="976">

0.256441 -0.059165 -0.964747 1.347551 -0.069124 0.994447 -0.079360 93.590569 0.964085 0.087038 0.250927 -0.423852 0.000000 0.000000 0.000000 1.000000
0.296692 -0.051222 -0.953599 1.473972 -0.057684 0.995776 -0.071435 93.467979 0.953230 0.076202 0.292484 -0.518028 0.000000 0.000000 0.000000 1.000000
0.336831 -0.043664 -0.940552 1.688197 -0.046494 0.996934 -0.062932 93.132462 0.940417 0.064928 0.333768 -0.618176 0.000000 0.000000 0.000000 1.000000
0.376714 -0.036523 -0.925609 1.964507 -0.035626 0.997912 -0.053876 92.640747 0.925644 0.053272 0.374626 -0.741418 0.000000 0.000000 0.000000 1.000000
0.416188 -0.029850 -0.908789 2.232400 -0.025094 0.998703 -0.044295 92.047195 0.908932 0.041240 0.414899 -0.890257 0.000000 0.000000 0.000000 1.000000
0.455085 -0.023699 -0.890133 2.304435 -0.014903 0.999303 -0.034225 91.414139 0.890324 0.028841 0.454414 -1.065102 0.000000 0.000000 0.000000 1.000000
0.493230 -0.018118 -0.869710 2.000742 -0.005080 0.999706 -0.023707 90.799347 0.869884 0.016111 0.492993 -1.269827 0.000000 0.000000 0.000000 1.000000
0.530469 -0.013123 -0.847603 1.506866 0.004297 0.999909 -0.012792 90.258965 0.847693 0.003143 0.530477 -1.505574 0.000000 0.000000 0.000000 1.000000
0.566652 -0.008732 -0.823911 0.984910 0.013179 0.999912 -0.001533 89.847824 0.823852 -0.009989 0.566717 -1.774206 0.000000 0.000000 0.000000 1.000000
0.601620 -0.004988 -0.798767 0.455232 0.021575 0.999717 0.010007 89.618797 0.798491 -0.023254 0.601558 -2.079618 0.000000 0.000000 0.000000 1.000000
0.635232 -0.001754 -0.772319 -0.061833 0.029220 0.999336 0.021764 89.625702 0.771768 -0.036392 0.634861 -2.416786 0.000000 0.000000 0.000000 1.000000
0.667377 0.001042 -0.744719 -0.549344 0.036009 0.998784 0.033667 90.340622 0.743849 -0.049285 0.666528 -2.787589 0.000000 0.000000 0.000000 1.000000
0.697918 0.003142 -0.716171 -0.987352 0.042347 0.998060 0.045646 91.591576 0.714925 -0.062185 0.696431 -3.207074 0.000000 0.000000 0.000000 1.000000
0.726733 0.004782 -0.686903 -1.343415 0.047902 0.997189 0.057622 92.979462 0.685247 -0.074780 0.724461 -3.671148 0.000000 0.000000 0.000000 1.000000
0.752637 0.006156 -0.658407 -1.602362 0.052166 0.996255 0.068947 94.095284 0.656366 -0.086239 0.749497 -4.163056 0.000000 0.000000 0.000000 1.000000
0.776320 0.007827 -0.630290 -1.791922 0.054904 0.995283 0.079984 95.226707 0.627943 -0.096699 0.772229 -4.690982 0.000000 0.000000 0.000000 1.000000
0.797795 0.008441 -0.602870 -1.959000 0.057961 0.994197 0.090622 96.530273 0.600136 -0.107241 0.792676 -5.295597 0.000000 0.000000 0.000000 1.000000
0.817121 0.008010 -0.576411 -2.130935 0.061274 0.993032 0.100661 98.091728 0.573200 -0.117572 0.810937 -5.939930 0.000000 0.000000 0.000000 1.000000
0.834387 0.006735 -0.551138 -2.340116 0.064596 0.991840 0.109914 99.655724 0.547381 -0.127313 0.827143 -6.585056 0.000000 0.000000 0.000000 1.000000
0.846296 0.003942 -0.532698 -2.577806 0.068194 0.990944 0.115673 100.878242 0.528330 -0.134220 0.838363 -7.199265 0.000000 0.000000 0.000000 1.000000
0.856973 0.000200 -0.515362 -2.836383 0.071948 0.990161 0.120022 101.740623 0.510315 -0.139935 0.848526 -7.762627 0.000000 0.000000 0.000000 1.000000
0.866471 -0.003583 -0.499214 -3.099161 0.075227 0.989493 0.123468 102.398270 0.493527 -0.144536 0.857637 -8.236624 0.000000 0.000000 0.000000 1.000000
0.874874 -0.006870 -0.484303 -3.345382 0.077418 0.989027 0.125824 102.601799 0.478124 -0.147574 0.865806 -8.599932 0.000000 0.000000 0.000000 1.000000
0.881948 -0.010360 -0.471233 -3.575302 0.079377 0.988744 0.126822 102.730698 0.464615 -0.149255 0.872843 -8.833616 0.000000 0.000000 0.000000 1.000000
0.887597 -0.012559 -0.460450 -3.768134 0.079295 0.988871 0.125884 102.807159 0.453745 -0.148246 0.878714 -8.905537 0.000000 0.000000 0.000000 1.000000
0.891783 -0.012979 -0.452277 -3.910261 0.077113 0.989324 0.123658 102.840996 0.445844 -0.145152 0.883263 -8.446033 0.000000 0.000000 0.000000 1.000000
0.894979 -0.013337 -0.445909 -4.004998 0.075378 0.989702 0.121689 102.784927 0.439694 -0.142521 0.886768 -7.907477 0.000000 0.000000 0.000000 1.000000
0.897212 -0.013942 -0.441379 -4.046236 0.074724 0.989882 0.120627 102.609215 0.435231 -0.141210 0.889176 -7.285350 0.000000 0.000000 0.000000 1.000000
0.897292 -0.014893 -0.441187 -4.044964 0.076155 0.989669 0.121477 102.233299 0.434820 -0.142599 0.889156 -6.599563 0.000000 0.000000 0.000000 1.000000
0.895795 -0.014282 -0.444239 -4.014221 0.076760 0.989437 0.122974 101.869850 0.437790 -0.144259 0.887429 -5.832356 0.000000 0.000000 0.000000 1.000000
0.893874 -0.012728 -0.448138 -3.961113 0.074677 0.989859 0.120840 101.443375 0.442055 -0.141481 0.885760 -4.599465 0.000000 0.000000 0.000000 1.000000
0.891413 -0.010394 -0.453072 -3.888938 0.069601 0.991016 0.114203 100.892860 0.447815 -0.133337 0.884128 -3.022951 0.000000 0.000000 0.000000 1.000000
0.890663 -0.007867 -0.454595 -3.804581 0.061577 0.992725 0.103464 100.194756 0.450474 -0.120144 0.884669 -1.183891 0.000000 0.000000 0.000000 1.000000
0.889769 -0.004878 -0.456386 -3.705745 0.050008 0.994965 0.086860 99.425476 0.453664 -0.100108 0.885532 0.845577 0.000000 0.000000 0.000000 1.000000
0.888719 -0.002256 -0.458447 -3.598339 0.035309 0.997354 0.063541 98.582275 0.457091 -0.072657 0.886447 2.984583 0.000000 0.000000 0.000000 1.000000
0.885922 0.003222 -0.463824 -3.465257 0.015720 0.999193 0.036967 97.677200 0.463569 -0.040041 0.885156 5.148172 0.000000 0.000000 0.000000 1.000000
0.882095 0.010002 -0.470965 -3.318259 -0.006917 0.999942 0.008281 96.674217 0.471020 -0.004047 0.882113 7.241092 0.000000 0.000000 0.000000 1.000000
0.878937 0.015833 -0.476676 -3.173644 -0.028502 0.999406 -0.019359 95.456924 0.476086 0.030602 0.878866 9.144522 0.000000 0.000000 0.000000 1.000000
0.873879 0.015553 -0.485895 -3.055079 -0.041237 0.998257 -0.042211 94.126343 0.484392 0.056924 0.872997 10.577136 0.000000 0.000000 0.000000 1.000000
0.867630 0.003860 -0.497196 -2.994115 -0.042977 0.996810 -0.067258 92.823807 0.495350 0.079723 0.865028 11.274700 0.000000 0.000000 0.000000 1.000000
0.861828 -0.014563 -0.506992 -2.972299 -0.038656 0.994794 -0.094285 91.584610 0.505726 0.100856 0.856778 11.585228 0.000000 0.000000 0.000000 1.000000
0.856821 -0.038745 -0.514157 -2.988952 -0.028157 0.992169 -0.121688 90.587837 0.514845 0.118742 0.849020 11.701463 0.000000 0.000000 0.000000 1.000000
0.847475 -0.063169 -0.527063 -2.565650 -0.017305 0.989079 -0.146368 89.974693 0.530553 0.133164 0.837127 11.691084 0.000000 0.000000 0.000000 1.000000
0.837960 -0.086523 -0.538830 -2.184558 -0.005762 0.985894 -0.167272 89.830261 0.545702 0.143272 0.825641 11.622007 0.000000 0.000000 0.000000 1.000000
0.829742 -0.108212 -0.547556 -1.853918 0.008504 0.983363 -0.181454 90.031746 0.558082 0.145904 0.816858 11.534092 0.000000 0.000000 0.000000 1.000000
0.819819 -0.129743 -0.557730 -1.588931 0.025844 0.981384 -0.190307 90.318657 0.572039 0.141604 0.807911 11.488048 0.000000 0.000000 0.000000 1.000000
0.807362 -0.146511 -0.571578 -1.373996 0.041455 0.980373 -0.192742 90.668175 0.588599 0.131918 0.797590 11.497604 0.000000 0.000000 0.000000 1.000000
0.795664 -0.155094 -0.585546 -1.203817 0.053075 0.980798 -0.187663 91.044647 0.603408 0.118239 0.788618 11.562547 0.000000 0.000000 0.000000 1.000000
0.787507 -0.152446 -0.597155 -1.074246 0.061557 0.983536 -0.169904 91.450317 0.613224 0.097042 0.783925 11.634771 0.000000 0.000000 0.000000 1.000000
0.783300 -0.131280 -0.607624 -1.096137 0.053511 0.988058 -0.144493 91.878540 0.619337 0.080667 0.780970 11.772492 0.000000 0.000000 0.000000 1.000000
0.777589 -0.110098 -0.619059 -1.486129 0.041038 0.991338 -0.124759 92.307228 0.627432 0.071606 0.775372 12.022484 0.000000 0.000000 0.000000 1.000000
0.755050 -0.090317 -0.649418 -2.109564 0.023358 0.993544 -0.111018 92.718468 0.655252 0.068655 0.752284 12.426002 0.000000 0.000000 0.000000 1.000000
0.702017 -0.068453 -0.708862 -2.690802 -0.000348 0.995337 -0.096461 93.096611 0.712160 0.067964 0.698720 13.008035 0.000000 0.000000 0.000000 1.000000
0.628438 -0.055942 -0.775845 -3.291282 -0.015330 0.996326 -0.084257 93.441612 0.777709 0.064844 0.625272 13.764485 0.000000 0.000000 0.000000 1.000000
0.559962 -0.050286 -0.826991 -3.693754 -0.020980 0.996976 -0.074828 93.761284 0.828253 0.059251 0.557213 14.714554 0.000000 0.000000 0.000000 1.000000
0.518702 -0.046007 -0.853716 -3.828827 -0.022701 0.997458 -0.067546 94.051193 0.854653 0.054416 0.516339 15.782977 0.000000 0.000000 0.000000 1.000000
0.495803 -0.040305 -0.867499 -4.178641 -0.019522 0.998153 -0.057533 94.269966 0.868215 0.045460 0.494101 16.896023 0.000000 0.000000 0.000000 1.000000
0.479476 -0.033981 -0.876897 -4.753765 -0.010353 0.998961 -0.044372 94.378021 0.877494 0.030354 0.478626 18.124239 0.000000 0.000000 0.000000 1.000000
0.479726 -0.028792 -0.876946 -5.438004 0.002126 0.999497 -0.031652 94.498520 0.877416 0.013320 0.479545 19.476353 0.000000 0.000000 0.000000 1.000000
0.517174 -0.022994 -0.855571 -6.225463 0.019910 0.999692 -0.014832 94.555458 0.855648 -0.009364 0.517473 21.069809 0.000000 0.000000 0.000000 1.000000
0.589322 -0.016959 -0.807720 -7.045068 0.028878 0.999583 0.000082 94.948120 0.807382 -0.023374 0.589566 23.516439 0.000000 0.000000 0.000000 1.000000</float_array>
        <technique_common>
          <accessor source="#mixamorig_Hips-Matrix-animation-output-transform-array" count="61" stride="16">
            <param type="float4x4"/>
          </accessor>
        </technique_common>
      </source>
      <source id="mixamorig_Hips-Interpolations">
        <Name_array id="mixamorig_Hips-Interpolations-array" count="61">
 LINEAR LINEAR LINEAR LINEAR LINEAR LINEAR LINEAR LINEAR LINEAR LINEAR LINEAR
LINEAR LINEAR LINEAR LINEAR LINEAR LINEAR LINEAR LINEAR LINEAR LINEAR LINEAR LINEAR
LINEAR LINEAR LINEAR LINEAR LINEAR LINEAR LINEAR LINEAR LINEAR LINEAR LINEAR LINEAR
LINEAR LINEAR LINEAR LINEAR LINEAR LINEAR LINEAR LINEAR LINEAR LINEAR LINEAR LINEAR
LINEAR LINEAR LINEAR LINEAR LINEAR LINEAR LINEAR LINEAR LINEAR LINEAR LINEAR LINEAR
LINEAR LINEAR</Name_array>
        <technique_common>
          <accessor source="#mixamorig_Hips-Interpolations-array" count="61">
            <param type="name"/>
          </accessor>
        </technique_common>
      </source>
      <sampler id="mixamorig_Hips-Matrix-animation-transform">
        <input semantic="INPUT" source="#mixamorig_Hips-Matrix-animation-input"/>
        <input semantic="OUTPUT" source="#mixamorig_Hips-Matrix-animation-output-transform"/>
        <input semantic="INTERPOLATION" source="#mixamorig_Hips-Interpolations"/>
      </sampler>
      <channel source="#mixamorig_Hips-Matrix-animation-transform" target="mixamorig_Hips/matrix"/>
    </animation>
    <animation id="mixamorig_Spine-anim" name="mixamorig_Spine">
      <source id="mixamorig_Spine-Matrix-animation-input">
        <float_array id="mixamorig_Spine-Matrix-animation-input-array" count="61">

0.000000 0.033333 0.066667 0.100000 0.133333 0.166667 0.200000 0.233333 0.266667 0.300000 0.333333 0.366667 0.400000 0.433333 0.466667 0.500000
0.533333 0.566667 0.600000 0.633333 0.666667 0.700000 0.733333 0.766667 0.800000 0.833333 0.866667 0.900000 0.933333 0.966667 1.000000 1.033333
1.066667 1.100000 1.133333 1.166667 1.200000 1.233333 1.266667 1.300000 1.333333 1.366667 1.400000 1.433333 1.466667 1.500000 1.533333 1.566667
1.600000 1.633333 1.666667 1.700000 1.733333 1.766667 1.800000 1.833333 1.866667 1.900000 1.933333 1.966667 2.000000</float_array>
        <technique_common>
          <accessor source="#mixamorig_Spine-Matrix-animation-input-array" count="61">
            <param name="TIME" type="float"/>
          </accessor>
        </technique_common>
      </source>
      <source id="mixamorig_Spine-Matrix-animation-output-transform">
        <float_array id="mixamorig_Spine-Matrix-animation-output-transform-array" count="976">

0.999278 0.027367 -0.026340 -0.000000 -0.027513 0.999608 -0.005182 9.686900 0.026188 0.005903 0.999640 -0.591100 0.000000 0.000000 0.000000 1.000000
0.999293 0.027305 -0.025864 0.000000 -0.027445 0.999610 -0.005081 9.686900 0.025715 0.005787 0.999653 -0.591100 0.000000 0.000000 0.000000 1.000000
0.999334 0.026905 -0.024661 0.000000 -0.027028 0.999624 -0.004667 9.686900 0.024527 0.005331 0.999685 -0.591100 0.000000 0.000000 0.000000 1.000000
0.999397 0.026186 -0.022802 -0.000000 -0.026283 0.999647 -0.003992 9.686900 0.022689 0.004589 0.999732 -0.591100 0.000000 0.000000 0.000000 1.000000
0.999474 0.025223 -0.020361 0.000000 -0.025291 0.999675 -0.003061 9.686900 0.020277 0.003574 0.999788 -0.591100 0.000000 0.000000 0.000000 1.000000
0.999558 0.024102 -0.017404 0.000000 -0.024138 0.999707 -0.001881 9.686900 0.017354 0.002300 0.999847 -0.591100 0.000000 0.000000 0.000000 1.000000
0.999640 0.022886 -0.013996 0.000000 -0.022895 0.999738 -0.000451 9.686900 0.013982 0.000771 0.999902 -0.591100 0.000000 0.000000 0.000000 1.000000
0.999715 0.021581 -0.010223 0.000000 -0.021569 0.999767 0.001281 9.686900 0.010248 -0.001060 0.999947 -0.591100 0.000000 0.000000 0.000000 1.000000
0.999776 0.020221 -0.006179 0.000000 -0.020201 0.999790 0.003378 9.686900 0.006246 -0.003253 0.999975 -0.591100 0.000000 0.000000 0.000000 1.000000
0.999820 0.018895 -0.001945 -0.000000 -0.018883 0.999804 0.005905 9.686900 0.002057 -0.005867 0.999981 -0.591100 0.000000 0.000000 0.000000 1.000000
0.999846 0.017410 0.002387 0.000000 -0.017431 0.999806 0.009162 9.686900 -0.002227 -0.009202 0.999955 -0.591100 0.000000 0.000000 0.000000 1.000000
0.999854 0.015732 0.006691 -0.000000 -0.015817 0.999792 0.012865 9.686900 -0.006487 -0.012969 0.999895 -0.591100 0.000000 0.000000 0.000000 1.000000
0.999838 0.014327 0.010898 0.000000 -0.014509 0.999754 0.016791 9.686900 -0.010655 -0.016947 0.999800 -0.591100 0.000000 0.000000 0.000000 1.000000
0.999805 0.012919 0.014941 0.000000 -0.013231 0.999691 0.021039 9.686900 -0.014665 -0.021233 0.999667 -0.591100 0.000000 0.000000 0.000000 1.000000
0.999765 0.010931 0.018702 0.000000 -0.011396 0.999623 0.024974 9.686900 -0.018422 -0.025182 0.999513 -0.591100 0.000000 0.000000 0.000000 1.000000
0.999723 0.008253 0.022053 -0.000000 -0.008854 0.999588 0.027297 9.686900 -0.021819 -0.027484 0.999384 -0.591100 0.000000 0.000000 0.000000 1.000000
0.999661 0.007258 0.024987 0.000000 -0.007973 0.999558 0.028649 9.686900 -0.024768 -0.028839 0.999277 -0.591100 0.000000 0.000000 0.000000 1.000000
0.999594 0.007503 0.027484 0.000000 -0.008321 0.999522 0.029788 9.686900 -0.027248 -0.030004 0.999178 -0.591100 0.000000 0.000000 0.000000 1.000000
0.999527 0.008614 0.029518 -0.000000 -0.009564 0.999435 0.032207 9.686900 -0.029224 -0.032474 0.999045 -0.591100 0.000000 0.000000 0.000000 1.000000
0.999467 0.009892 0.031096 -0.000000 -0.010975 0.999332 0.034845 9.686900 -0.030731 -0.035167 0.998909 -0.591100 0.000000 0.000000 0.000000 1.000000
0.999411 0.011837 0.032213 -0.000000 -0.013025 0.999233 0.036931 9.686900 -0.031751 -0.037329 0.998798 -0.591100 0.000000 0.000000 0.000000 1.000000
0.999377 0.013323 0.032675 0.000000 -0.014563 0.999172 0.037998 9.686900 -0.032142 -0.038450 0.998743 -0.591100 0.000000 0.000000 0.000000 1.000000
0.999404 0.014022 0.031547 0.000000 -0.015244 0.999129 0.038841 9.686900 -0.030975 -0.039298 0.998747 -0.591100 0.000000 0.000000 0.000000 1.000000
0.999462 0.014557 0.029405 0.000000 -0.015726 0.999079 0.039930 9.686900 -0.028797 -0.040371 0.998770 -0.591100 0.000000 0.000000 0.000000 1.000000
0.999537 0.014279 0.026854 -0.000000 -0.015380 0.999031 0.041243 9.686900 -0.026239 -0.041637 0.998788 -0.591100 0.000000 0.000000 0.000000 1.000000
0.999630 0.012708 0.024037 0.000000 -0.013732 0.998983 0.042935 9.686900 -0.023467 -0.043250 0.998789 -0.591100 0.000000 0.000000 0.000000 1.000000
0.999692 0.011333 0.022070 -0.000000 -0.012320 0.998907 0.045092 9.686900 -0.021535 -0.045350 0.998739 -0.591100 0.000000 0.000000 0.000000 1.000000
0.999724 0.010760 0.020889 0.000000 -0.011732 0.998827 0.046988 9.686900 -0.020359 -0.047220 0.998677 -0.591100 0.000000 0.000000 0.000000 1.000000
0.999727 0.011045 0.020612 0.000000 -0.012030 0.998758 0.048340 9.686900 -0.020053 -0.048575 0.998618 -0.591100 0.000000 0.000000 0.000000 1.000000
0.999711 0.012143 0.020738 0.000000 -0.013151 0.998704 0.049172 9.686900 -0.020114 -0.049431 0.998575 -0.591100 0.000000 0.000000 0.000000 1.000000
0.999693 0.013012 0.021070 0.000000 -0.014044 0.998672 0.049571 9.686900 -0.020397 -0.049851 0.998548 -0.591100 0.000000 0.000000 0.000000 1.000000
0.999658 0.014153 0.021998 0.000000 -0.015235 0.998641 0.049843 9.686900 -0.021263 -0.050161 0.998515 -0.591100 0.000000 0.000000 0.000000 1.000000
0.999637 0.015242 0.022217 -0.000000 -0.016330 0.998633 0.049645 9.686900 -0.021430 -0.049990 0.998520 -0.591100 0.000000 0.000000 0.000000 1.000000
0.999602 0.016573 0.022842 -0.000000 -0.017686 0.998623 0.049385 9.686900 -0.021992 -0.049770 0.998519 -0.591100 0.000000 0.000000 0.000000 1.000000
0.999568 0.017742 0.023439 0.000000 -0.018881 0.998605 0.049311 9.686900 -0.022531 -0.049732 0.998508 -0.591100 0.000000 0.000000 0.000000 1.000000
0.999529 0.018703 0.024343 -0.000000 -0.019864 0.998633 0.048354 9.686900 -0.023405 -0.048815 0.998534 -0.591100 0.000000 0.000000 0.000000 1.000000
0.999466 0.020266 0.025614 -0.000000 -0.021419 0.998730 0.045599 9.686900 -0.024657 -0.046123 0.998631 -0.591100 0.000000 0.000000 0.000000 1.000000
0.999425 0.022110 0.025695 0.000000 -0.023136 0.998918 0.040340 9.686900 -0.024775 -0.040912 0.998856 -0.591100 0.000000 0.000000 0.000000 1.000000
0.999373 0.024883 0.025170 0.000000 -0.025668 0.999178 0.031362 9.686900 -0.024369 -0.031988 0.999191 -0.591100 0.000000 0.000000 0.000000 1.000000
0.999260 0.028637 0.025694 0.000000 -0.029147 0.999381 0.019711 9.686900 -0.025114 -0.020445 0.999475 -0.591100 0.000000 0.000000 0.000000 1.000000
0.999043 0.035132 0.026073 -0.000000 -0.035299 0.999359 0.005970 9.686900 -0.025847 -0.006884 0.999642 -0.591100 0.000000 0.000000 0.000000 1.000000
0.998753 0.041327 0.028005 0.000000 -0.041178 0.999134 -0.005888 9.686900 -0.028224 0.004727 0.999590 -0.591100 0.000000 0.000000 0.000000 1.000000
0.998284 0.045932 0.036331 -0.000000 -0.045562 0.998902 -0.010942 9.686900 -0.036794 0.009268 0.999280 -0.591100 0.000000 0.000000 0.000000 1.000000
0.997998 0.046855 0.042485 0.000000 -0.046435 0.998863 -0.010827 9.686900 -0.042944 0.008833 0.999038 -0.591100 0.000000 0.000000 0.000000 1.000000
0.997796 0.046889 0.046944 0.000000 -0.046465 0.998869 -0.010073 9.686900 -0.047363 0.007869 0.998847 -0.591100 0.000000 0.000000 0.000000 1.000000
0.997943 0.045625 0.045037 0.000000 -0.045266 0.998935 -0.008972 9.686900 -0.045398 0.006914 0.998945 -0.591100 0.000000 0.000000 0.000000 1.000000
0.997933 0.043611 0.047201 0.000000 -0.043276 0.999030 -0.008095 9.686900 -0.047509 0.006036 0.998853 -0.591100 0.000000 0.000000 0.000000 1.000000
0.997790 0.040826 0.052417 0.000000 -0.040492 0.999152 -0.007402 9.686900 -0.052675 0.005263 0.998598 -0.591100 0.000000 0.000000 0.000000 1.000000
0.998005 0.036921 0.051220 0.000000 -0.036643 0.999308 -0.006354 9.686900 -0.051419 0.004465 0.998667 -0.591100 0.000000 0.000000 0.000000 1.000000
0.998951 0.030387 0.034252 0.000000 -0.030260 0.999533 -0.004210 9.686900 -0.034364 0.003169 0.999404 -0.591100 0.000000 0.000000 0.000000 1.000000
0.999826 0.018316 0.003554 0.000000 -0.018316 0.999832 0.000008 9.686900 -0.003553 -0.000073 0.999994 -0.591100 0.000000 0.000000 0.000000 1.000000
0.999443 0.004624 -0.033053 0.000000 -0.004459 0.999977 0.005091 9.686900 0.033076 -0.004941 0.999441 -0.591100 0.000000 0.000000 0.000000 1.000000
0.998387 -0.005670 -0.056484 0.000000 0.006219 0.999935 0.009538 9.686900 0.056426 -0.009873 0.998358 -0.591100 0.000000 0.000000 0.000000 1.000000
0.997715 -0.012722 -0.066348 -0.000000 0.013688 0.999807 0.014120 9.686900 0.066155 -0.014996 0.997697 -0.591100 0.000000 0.000000 0.000000 1.000000
0.997482 -0.018768 -0.068385 0.000000 0.020236 0.999578 0.020831 9.686900 0.067965 -0.022162 0.997442 -0.591100 0.000000 0.000000 0.000000 1.000000
0.997262 -0.024380 -0.069822 0.000000 0.026488 0.999216 0.029420 9.686900 0.069050 -0.031188 0.997126 -0.591100 0.000000 0.000000 0.000000 1.000000
0.997059 -0.029364 -0.070783 -0.000000 0.032025 0.998811 0.036759 9.686900 0.069620 -0.038918 0.996814 -0.591100 0.000000 0.000000 0.000000 1.000000
0.996890 -0.034736 -0.070734 0.000000 0.037927 0.998299 0.044282 9.686900 0.069075 -0.046827 0.996512 -0.591100 0.000000 0.000000 0.000000 1.000000
0.996977 -0.038792 -0.067318 0.000000 0.042267 0.997805 0.050977 9.686900 0.065193 -0.053669 0.996428 -0.591100 0.000000 0.000000 0.000000 1.000000
0.997283 -0.038125 -0.063032 -0.000000 0.041651 0.997584 0.055604 9.686900 0.060759 -0.058078 0.996461 -0.591100 0.000000 0.000000 0.000000 1.000000
0.997573 -0.036272 -0.059437 0.000000 0.039857 0.997386 0.060274 9.686900 0.057095 -0.062497 0.996411 -0.591100 0.000000 0.000000 0.000000 1.000000</float_array>
        <technique_common>
          <accessor source="#mixamorig_Spine-Matrix-animation-output-transform-array" count="61" stride="16">
            <param type="float4x4"/>
          </accessor>
        </technique_common>
      </source>
      <source id="mixamorig_Spine-Interpolations">
        <Name_array id="mixamorig_Spine-Interpolations-array" count="61">
 LINEAR LINEAR LINEAR LINEAR LINEAR LINEAR LINEAR LINEAR LINEAR LINEAR LINEAR
LINEAR LINEAR LINEAR LINEAR LINEAR LINEAR LINEAR LINEAR LINEAR LINEAR LINEAR LINEAR
LINEAR LINEAR LINEAR LINEAR LINEAR LINEAR LINEAR LINEAR LINEAR LINEAR LINEAR LINEAR
LINEAR LINEAR LINEAR LINEAR LINEAR LINEAR LINEAR LINEAR LINEAR LINEAR LINEAR LINEAR
LINEAR LINEAR LINEAR LINEAR LINEAR LINEAR LINEAR LINEAR LINEAR LINEAR LINEAR LINEAR
LINEAR LINEAR</Name_array>
        <technique_common>
          <accessor source="#mixamorig_Spine-Interpolations-array" count="61">
            <param type="name"/>
          </accessor>
        </technique_common>
      </source>
      <sampler id="mixamorig_Spine-Matrix-animation-transform">
        <input semantic="INPUT" source="#mixamorig_Spine-Matrix-animation-input"/>
        <input semantic="OUTPUT" source="#mixamorig_Spine-Matrix-animation-output-transform"/>
        <input semantic="INTERPOLATION" source="#mixamorig_Spine-Interpolations"/>
      </sampler>
      <channel source="#mixamorig_Spine-Matrix-animation-transform" target="mixamorig_Spine/matrix"/>
    </animation>
    <animation id="mixamorig_Spine1-anim" name="mixamorig_Spine1">
      <source id="mixamorig_Spine1-Matrix-animation-input">
        <float_array id="mixamorig_Spine1-Matrix-animation-input-array" count="61">

0.000000 0.033333 0.066667 0.100000 0.133333 0.166667 0.200000 0.233333 0.266667 0.300000 0.333333 0.366667 0.400000 0.433333 0.466667 0.500000
0.533333 0.566667 0.600000 0.633333 0.666667 0.700000 0.733333 0.766667 0.800000 0.833333 0.866667 0.900000 0.933333 0.966667 1.000000 1.033333
1.066667 1.100000 1.133333 1.166667 1.200000 1.233333 1.266667 1.300000 1.333333 1.366667 1.400000 1.433333 1.466667 1.500000 1.533333 1.566667
1.600000 1.633333 1.666667 1.700000 1.733333 1.766667 1.800000 1.833333 1.866667 1.900000 1.933333 1.966667 2.000000</float_array>
        <technique_common>
          <accessor source="#mixamorig_Spine1-Matrix-animation-input-array" count="61">
            <param name="TIME" type="float"/>
          </accessor>
        </technique_common>
      </source>
      <source id="mixamorig_Spine1-Matrix-animation-output-transform">
        <float_array id="mixamorig_Spine1-Matrix-animation-output-transform-array" count="976">

0.997603 0.043920 -0.053469 0.000000 -0.050633 0.990025 -0.131483 11.322300 0.047161 0.133875 0.989875 -0.000000 0.000000 0.000000 0.000000 1.000000
0.997672 0.043526 -0.052499 0.000000 -0.050041 0.990254 -0.129971 11.322300 0.046330 0.132296 0.990127 0.000000 0.000000 0.000000 0.000000 1.000000
0.997862 0.042416 -0.049721 0.000000 -0.048390 0.990866 -0.125870 11.322300 0.043928 0.128007 0.990800 0.000000 0.000000 0.000000 0.000000 1.000000
0.998143 0.040699 -0.045331 0.000000 -0.045879 0.991735 -0.119824 11.322300 0.040079 0.121681 0.991760 0.000000 0.000000 0.000000 0.000000 1.000000
0.998477 0.038484 -0.039523 0.000000 -0.042715 0.992736 -0.112472 11.322300 0.034908 0.113989 0.992869 -0.000000 0.000000 0.000000 0.000000 1.000000
0.998828 0.035881 -0.032496 0.000000 -0.039097 0.993760 -0.104459 11.322300 0.028545 0.105607 0.993998 -0.000000 0.000000 0.000000 0.000000 1.000000
0.999156 0.032998 -0.024444 0.000000 -0.035211 0.994717 -0.096432 11.322300 0.021133 0.097211 0.995039 0.000000 0.000000 0.000000 0.000000 1.000000
0.999430 0.029945 -0.015567 0.000000 -0.031215 0.995538 -0.089047 11.322300 0.012831 0.089482 0.995906 0.000000 0.000000 0.000000 0.000000 1.000000
0.999622 0.026831 -0.006060 -0.000000 -0.027240 0.996210 -0.082605 11.322300 0.003821 0.082738 0.996564 0.000000 0.000000 0.000000 0.000000 1.000000
0.999710 0.023765 0.003880 -0.000000 -0.023407 0.996904 -0.075067 11.322300 -0.005652 0.074955 0.997171 0.000000 0.000000 0.000000 0.000000 1.000000
0.999684 0.020857 0.014058 -0.000000 -0.019887 0.997627 -0.065919 11.322300 -0.015400 0.065618 0.997726 0.000000 0.000000 0.000000 0.000000 1.000000
0.999539 0.018216 0.024269 0.000000 -0.016777 0.998162 -0.058231 11.322300 -0.025285 0.057797 0.998008 -0.000000 0.000000 0.000000 0.000000 1.000000
0.999284 0.015952 0.034314 0.000000 -0.014138 0.998523 -0.052462 11.322300 -0.035101 0.051939 0.998033 0.000000 0.000000 0.000000 0.000000 1.000000
0.998931 0.014173 0.043997 0.000000 -0.012040 0.998758 -0.048354 11.322300 -0.044627 0.047772 0.997861 -0.000000 0.000000 0.000000 0.000000 1.000000
0.998504 0.012989 0.053119 0.000000 -0.010572 0.998908 -0.045515 11.322300 -0.053652 0.044886 0.997550 0.000000 0.000000 0.000000 0.000000 1.000000
0.998030 0.012509 0.061482 0.000000 -0.009794 0.998972 -0.044267 11.322300 -0.061973 0.043578 0.997126 -0.000000 0.000000 0.000000 0.000000 1.000000
0.997534 0.013571 0.068861 0.000000 -0.010592 0.998999 -0.043449 11.322300 -0.069382 0.042613 0.996680 0.000000 0.000000 0.000000 0.000000 1.000000
0.997059 0.015243 0.075105 0.000000 -0.012018 0.998994 -0.043207 11.322300 -0.075688 0.042177 0.996239 0.000000 0.000000 0.000000 0.000000 1.000000
0.996629 0.018237 0.079994 0.000000 -0.014913 0.999008 -0.041960 11.322300 -0.080680 0.040625 0.995912 0.000000 0.000000 0.000000 0.000000 1.000000
0.996290 0.021230 0.083396 -0.000000 -0.017904 0.999022 -0.040434 11.322300 -0.084173 0.038791 0.995696 0.000000 0.000000 0.000000 0.000000 1.000000
0.996070 0.024552 0.085102 0.000000 -0.021162 0.998955 -0.040512 11.322300 -0.086008 0.038552 0.995548 -0.000000 0.000000 0.000000 0.000000 1.000000
0.996392 0.027054 0.080440 0.000000 -0.023763 0.998852 -0.041599 11.322300 -0.081473 0.039538 0.995891 0.000000 0.000000 0.000000 0.000000 1.000000
0.997088 0.029276 0.070422 -0.000000 -0.026337 0.998758 -0.042303 11.322300 -0.071573 0.040325 0.996620 -0.000000 0.000000 0.000000 0.000000 1.000000
0.997684 0.030991 0.060555 -0.000000 -0.028476 0.998714 -0.041952 11.322300 -0.061778 0.040130 0.997283 -0.000000 0.000000 0.000000 0.000000 1.000000
0.998156 0.031214 0.052066 0.000000 -0.029161 0.998785 -0.039732 11.322300 -0.053243 0.038140 0.997853 -0.000000 0.000000 0.000000 0.000000 1.000000
0.998494 0.029743 0.046088 0.000000 -0.028073 0.998940 -0.036486 11.322300 -0.047125 0.035137 0.998271 0.000000 0.000000 0.000000 0.000000 1.000000
0.998630 0.028420 0.043948 0.000000 -0.027011 0.999112 -0.032323 11.322300 -0.044828 0.031092 0.998511 0.000000 0.000000 0.000000 0.000000 1.000000
0.998718 0.027967 0.042186 0.000000 -0.026787 0.999240 -0.028301 11.322300 -0.042945 0.027135 0.998709 0.000000 0.000000 0.000000 0.000000 1.000000
0.998739 0.028247 0.041494 -0.000000 -0.027200 0.999303 -0.025586 11.322300 -0.042188 0.024425 0.998811 0.000000 0.000000 0.000000 0.000000 1.000000
0.998664 0.030590 0.041645 0.000000 -0.029610 0.999275 -0.023951 11.322300 -0.042347 0.022686 0.998845 -0.000000 0.000000 0.000000 0.000000 1.000000
0.998565 0.032943 0.042226 -0.000000 -0.031984 0.999219 -0.023202 11.322300 -0.042957 0.021818 0.998839 0.000000 0.000000 0.000000 0.000000 1.000000
0.998417 0.035283 0.043801 0.000000 -0.034313 0.999153 -0.022700 11.322300 -0.044564 0.021161 0.998782 0.000000 0.000000 0.000000 0.000000 1.000000
0.998331 0.037562 0.043860 0.000000 -0.036574 0.999063 -0.023124 11.322300 -0.044687 0.021481 0.998770 0.000000 0.000000 0.000000 0.000000 1.000000
0.998193 0.040201 0.044664 0.000000 -0.039172 0.998952 -0.023681 11.322300 -0.045570 0.021889 0.998721 0.000000 0.000000 0.000000 0.000000 1.000000
0.998058 0.042607 0.045432 -0.000000 -0.041554 0.998851 -0.023869 11.322300 -0.046397 0.021934 0.998682 0.000000 0.000000 0.000000 0.000000 1.000000
0.997920 0.044341 0.046797 0.000000 -0.043167 0.998734 -0.025814 11.322300 -0.047882 0.023740 0.998571 -0.000000 0.000000 0.000000 0.000000 1.000000
0.997680 0.047338 0.048925 0.000000 -0.045836 0.998456 -0.031381 11.322300 -0.050335 0.029066 0.998309 0.000000 0.000000 0.000000 0.000000 1.000000
0.997503 0.051077 0.048779 -0.000000 -0.049047 0.997916 -0.041937 11.322300 -0.050820 0.039439 0.997929 0.000000 0.000000 0.000000 0.000000 1.000000
0.997176 0.058273 0.047370 0.000000 -0.055438 0.996711 -0.059111 11.322300 -0.050659 0.056318 0.997127 -0.000000 0.000000 0.000000 0.000000 1.000000
0.996532 0.069179 0.046231 0.000000 -0.065380 0.994715 -0.079167 11.322300 -0.051463 0.075870 0.995789 0.000000 0.000000 0.000000 0.000000 1.000000
0.995385 0.082826 0.048472 0.000000 -0.077414 0.991507 -0.104502 11.322300 -0.056716 0.100267 0.993343 -0.000000 0.000000 0.000000 0.000000 1.000000
0.994033 0.090870 0.060344 0.000000 -0.082573 0.988321 -0.128078 11.322300 -0.071277 0.122331 0.989927 0.000000 0.000000 0.000000 0.000000 1.000000
0.992831 0.095720 0.071581 -0.000000 -0.085012 0.986488 -0.140048 11.322300 -0.084019 0.132959 0.987554 0.000000 0.000000 0.000000 0.000000 1.000000
0.992101 0.095260 0.081616 -0.000000 -0.083135 0.986528 -0.140891 11.322300 -0.093938 0.132993 0.986655 0.000000 0.000000 0.000000 0.000000 1.000000
0.990905 0.093268 0.096997 0.000000 -0.078980 0.986719 -0.141941 11.322300 -0.108947 0.132990 0.985111 0.000000 0.000000 0.000000 0.000000 1.000000
0.991266 0.088901 0.097410 0.000000 -0.074620 0.987117 -0.141535 11.322300 -0.108738 0.133030 0.985129 -0.000000 0.000000 0.000000 0.000000 1.000000
0.991789 0.082869 0.097406 -0.000000 -0.068952 0.987967 -0.138446 11.322300 -0.107707 0.130593 0.985568 -0.000000 0.000000 0.000000 0.000000 1.000000
0.991938 0.075447 0.101816 0.000000 -0.061012 0.988535 -0.138115 11.322300 -0.111069 0.130789 0.985169 0.000000 0.000000 0.000000 0.000000 1.000000
0.992856 0.066192 0.099274 0.000000 -0.052399 0.989374 -0.135623 11.322300 -0.107196 0.129453 0.985774 0.000000 0.000000 0.000000 0.000000 1.000000
0.996447 0.052334 0.065994 0.000000 -0.043401 0.990537 -0.130203 11.322300 -0.072183 0.126876 0.989289 0.000000 0.000000 0.000000 0.000000 1.000000
0.999617 0.027143 0.005463 0.000000 -0.026278 0.992239 -0.121533 11.322300 -0.008719 0.121343 0.992572 0.000000 0.000000 0.000000 0.000000 1.000000
0.997735 -0.000984 -0.067263 -0.000000 -0.006582 0.993667 -0.112176 11.322300 0.066947 0.112365 0.991409 0.000000 0.000000 0.000000 0.000000 1.000000
0.993206 -0.021403 -0.114388 0.000000 0.009352 0.994443 -0.104864 11.322300 0.115996 0.103082 0.987886 0.000000 0.000000 0.000000 0.000000 1.000000
0.990370 -0.035140 -0.133912 0.000000 0.022201 0.995044 -0.096923 11.322300 0.136654 0.093017 0.986242 0.000000 0.000000 0.000000 0.000000 1.000000
0.989385 -0.047212 -0.137436 0.000000 0.036204 0.996014 -0.081523 11.322300 0.140737 0.075681 0.987150 -0.000000 0.000000 0.000000 0.000000 1.000000
0.988390 -0.058071 -0.140402 0.000000 0.048957 0.996516 -0.067515 11.322300 0.143834 0.059858 0.987790 -0.000000 0.000000 0.000000 0.000000 1.000000
0.987561 -0.066565 -0.142449 0.000000 0.059615 0.996839 -0.052517 11.322300 0.145494 0.043372 0.988408 0.000000 0.000000 0.000000 0.000000 1.000000
0.987067 -0.073280 -0.142578 0.000000 0.068742 0.996966 -0.036510 11.322300 0.144821 0.026237 0.989110 0.000000 0.000000 0.000000 0.000000 1.000000
0.987421 -0.080568 -0.136046 0.000000 0.078148 0.996675 -0.023040 11.322300 0.137450 0.012119 0.990435 0.000000 0.000000 0.000000 0.000000 1.000000
0.988804 -0.077453 -0.127547 0.000000 0.076469 0.996992 -0.012604 11.322300 0.128140 0.002710 0.991752 -0.000000 0.000000 0.000000 0.000000 1.000000
0.990263 -0.070099 -0.120268 0.000000 0.070201 0.997527 -0.003396 11.322300 0.120208 -0.005080 0.992736 0.000000 0.000000 0.000000 0.000000 1.000000</float_array>
        <technique_common>
          <accessor source="#mixamorig_Spine1-Matrix-animation-output-transform-array" count="61" stride="16">
            <param type="float4x4"/>
          </accessor>
        </technique_common>
      </source>
      <source id="mixamorig_Spine1-Interpolations">
        <Name_array id="mixamorig_Spine1-Interpolations-array" count="61">
 LINEAR LINEAR LINEAR LINEAR LINEAR LINEAR LINEAR LINEAR LINEAR LINEAR LINEAR
LINEAR LINEAR LINEAR LINEAR LINEAR LINEAR LINEAR LINEAR LINEAR LINEAR LINEAR LINEAR
LINEAR LINEAR LINEAR LINEAR LINEAR LINEAR LINEAR LINEAR LINEAR LINEAR LINEAR LINEAR
LINEAR LINEAR LINEAR LINEAR LINEAR LINEAR LINEAR LINEAR LINEAR LINEAR LINEAR LINEAR
LINEAR LINEAR LINEAR LINEAR LINEAR LINEAR LINEAR LINEAR LINEAR LINEAR LINEAR LINEAR
LINEAR LINEAR</Name_array>
        <technique_common>
          <accessor source="#mixamorig_Spine1-Interpolations-array" count="61">
            <param type="name"/>
          </accessor>
        </technique_common>
      </source>
      <sampler id="mixamorig_Spine1-Matrix-animation-transform">
        <input semantic="INPUT" source="#mixamorig_Spine1-Matrix-animation-input"/>
        <input semantic="OUTPUT" source="#mixamorig_Spine1-Matrix-animation-output-transform"/>
        <input semantic="INTERPOLATION" source="#mixamorig_Spine1-Interpolations"/>
      </sampler>
      <channel source="#mixamorig_Spine1-Matrix-animation-transform" target="mixamorig_Spine1/matrix"/>
    </animation>
    <animation id="mixamorig_Spine2-anim" name="mixamorig_Spine2">
      <source id="mixamorig_Spine2-Matrix-animation-input">
        <float_array id="mixamorig_Spine2-Matrix-animation-input-array" count="61">

0.000000 0.033333 0.066667 0.100000 0.133333 0.166667 0.200000 0.233333 0.266667 0.300000 0.333333 0.366667 0.400000 0.433333 0.466667 0.500000
0.533333 0.566667 0.600000 0.633333 0.666667 0.700000 0.733333 0.766667 0.800000 0.833333 0.866667 0.900000 0.933333 0.966667 1.000000 1.033333
1.066667 1.100000 1.133333 1.166667 1.200000 1.233333 1.266667 1.300000 1.333333 1.366667 1.400000 1.433333 1.466667 1.500000 1.533333 1.566667
1.600000 1.633333 1.666667 1.700000 1.733333 1.766667 1.800000 1.833333 1.866667 1.900000 1.933333 1.966667 2.000000</float_array>
        <technique_common>
          <accessor source="#mixamorig_Spine2-Matrix-animation-input-array" count="61">
            <param name="TIME" type="float"/>
          </accessor>
        </technique_common>
      </source>
      <source id="mixamorig_Spine2-Matrix-animation-output-transform">
        <float_array id="mixamorig_Spine2-Matrix-animation-output-transform-array" count="976">

0.997609 0.043915 -0.053369 0.000000 -0.050615 0.990025 -0.131490 12.939800 0.047062 0.133877 0.989880 0.000000 0.000000 0.000000 0.000000 1.000000
0.997673 0.043614 -0.052403 0.000000 -0.050112 0.990265 -0.129862 12.939800 0.046229 0.132186 0.990146 0.000000 0.000000 0.000000 0.000000 1.000000
0.997851 0.042769 -0.049638 0.000000 -0.048712 0.990904 -0.125448 12.939800 0.043821 0.127596 0.990858 0.000000 0.000000 0.000000 0.000000 1.000000
0.998114 0.041462 -0.045267 -0.000000 -0.046595 0.991807 -0.118945 12.939800 0.039965 0.120829 0.991868 0.000000 0.000000 0.000000 0.000000 1.000000
0.998428 0.039778 -0.039487 -0.000000 -0.043947 0.992843 -0.111049 12.939800 0.034787 0.112609 0.993030 0.000000 0.000000 0.000000 0.000000 1.000000
0.998757 0.037800 -0.032490 0.000000 -0.040949 0.993894 -0.102458 12.939800 0.028419 0.103661 0.994207 0.000000 0.000000 0.000000 0.000000 1.000000
0.999066 0.035612 -0.024476 0.000000 -0.037762 0.994867 -0.093877 12.939800 0.021007 0.094713 0.995283 0.000000 0.000000 0.000000 0.000000 1.000000
0.999323 0.033298 -0.015636 0.000000 -0.034523 0.995695 -0.086016 12.939800 0.012705 0.086497 0.996171 -0.000000 0.000000 0.000000 0.000000 1.000000
0.999502 0.030942 -0.006171 0.000000 -0.031335 0.996333 -0.079616 12.939800 0.003685 0.079770 0.996806 0.000000 0.000000 0.000000 0.000000 1.000000
0.999583 0.028628 0.003727 -0.000000 -0.028282 0.996962 -0.072575 12.939800 -0.005794 0.072439 0.997356 0.000000 0.000000 0.000000 0.000000 1.000000
0.999554 0.026440 0.013864 0.000000 -0.025505 0.997638 -0.063779 12.939800 -0.015517 0.063397 0.997868 -0.000000 0.000000 0.000000 0.000000 1.000000
0.999412 0.024463 0.024036 0.000000 -0.023072 0.998135 -0.056526 12.939800 -0.025374 0.055938 0.998112 -0.000000 0.000000 0.000000 0.000000 1.000000
0.999161 0.022779 0.034048 0.000000 -0.021027 0.998479 -0.050965 12.939800 -0.035157 0.050207 0.998120 0.000000 0.000000 0.000000 0.000000 1.000000
0.998814 0.021474 0.043701 0.000000 -0.019426 0.998717 -0.046765 12.939800 -0.044649 0.045860 0.997950 -0.000000 0.000000 0.000000 0.000000 1.000000
0.998392 0.020630 0.052800 0.000000 -0.018311 0.998862 -0.044042 12.939800 -0.053649 0.043005 0.997633 -0.000000 0.000000 0.000000 0.000000 1.000000
0.997922 0.020333 0.061149 0.000000 -0.017721 0.998919 -0.042968 12.939800 -0.061957 0.041795 0.997203 -0.000000 0.000000 0.000000 0.000000 1.000000
0.997435 0.020566 0.068559 0.000000 -0.017695 0.998951 -0.042233 12.939800 -0.069355 0.040912 0.996753 -0.000000 0.000000 0.000000 0.000000 1.000000
0.996976 0.020874 0.074859 -0.000000 -0.017756 0.998957 -0.042073 12.939800 -0.075659 0.040616 0.996306 0.000000 0.000000 0.000000 0.000000 1.000000
0.996561 0.022233 0.079818 -0.000000 -0.019013 0.998983 -0.040885 12.939800 -0.080646 0.039227 0.995971 0.000000 0.000000 0.000000 0.000000 1.000000
0.996238 0.023976 0.083273 -0.000000 -0.020744 0.999006 -0.039464 12.939800 -0.084137 0.037588 0.995745 -0.000000 0.000000 0.000000 0.000000 1.000000
0.996032 0.026277 0.085025 0.000000 -0.022965 0.998948 -0.039693 12.939800 -0.085978 0.037583 0.995588 0.000000 0.000000 0.000000 0.000000 1.000000
