<?xml version="1.0" encoding="utf-8"?>
<COLLADA xmlns="http://www.collada.org/2005/11/COLLADASchema" version="1.4.1">
  <asset>
    <contributor>
      <author>Mixamo</author>
      <authoring_tool>COLLADA Mixamo exporter</authoring_tool>
      <comments/>
    </contributor>
    <created>2025-12-24T07:24:32Z</created>
    <modified>2025-12-24T07:24:32Z</modified>
    <revision/>
    <title/>
    <unit meter="0.010000"/>
    <up_axis>Y_UP</up_axis>
  </asset>
  <library_animations>
    <animation id="mixamorig_Hips-anim" name="mixamorig_Hips">
      <source id="mixamorig_Hips-Matrix-animation-input">
        <float_array id="mixamorig_Hips-Matrix-animation-input-array" count="144">

0.000000 0.033333 0.066667 0.100000 0.133333 0.166667 0.200000 0.233333 0.266667 0.300000 0.333333 0.366667 0.400000 0.433333 0.466667 0.500000
0.533333 0.566667 0.600000 0.633333 0.666667 0.700000 0.733333 0.766667 0.800000 0.833333 0.866667 0.900000 0.933333 0.966667 1.000000 1.033333
1.066667 1.100000 1.133333 1.166667 1.200000 1.233333 1.266667 1.300000 1.333333 1.366667 1.400000 1.433333 1.466667 1.500000 1.533333 1.566667
1.600000 1.633333 1.666667 1.700000 1.733333 1.766667 1.800000 1.833333 1.866667 1.900000 1.933333 1.966667 2.000000 2.033333 2.066667 2.100000
2.133333 2.166667 2.200000 2.233333 2.266667 2.300000 2.333333 2.366667 2.400000 2.433333 2.466667 2.500000 2.533333 2.566667 2.600000 2.633333
2.666667 2.700000 2.733333 2.766667 2.800000 2.833333 2.866667 2.900000 2.933333 2.966667 3.000000 3.033333 3.066667 3.100000 3.133333 3.166667
3.200000 3.233333 3.266667 3.300000 3.333333 3.366667 3.400000 3.433333 3.466667 3.500000 3.533333 3.566667 3.600000 3.633333 3.666667 3.700000
3.733333 3.766667 3.800000 3.833333 3.866667 3.900000 3.933333 3.966667 4.000000 4.033333 4.066667 4.100000 4.133333 4.166667 4.200000 4.233333
4.266667 4.300000 4.333333 4.366667 4.400000 4.433333 4.466667 4.500000 4.533333 4.566667 4.600000 4.633333 4.666667 4.700000 4.733333 4.766667</float_array>
        <technique_common>
          <accessor source="#mixamorig_Hips-Matrix-animation-input-array" count="144">
            <param name="TIME" type="float"/>
          </accessor>
        </technique_common>
      </source>
      <source id="mixamorig_Hips-Matrix-animation-output-transform">
        <float_array id="mixamorig_Hips-Matrix-animation-output-transform-array" count="2304">

0.318789 0.028854 -0.947386 0.459480 -0.028974 0.999366 0.020688 93.353607 0.947383 0.020855 0.319423 -0.019159 0.000000 0.000000 0.000000 1.000000
0.318847 0.025866 -0.947453 0.426782 -0.029084 0.999424 0.017497 93.490379 0.947360 0.021977 0.319416 0.028990 0.000000 0.000000 0.000000 1.000000
0.318880 0.022913 -0.947518 0.392200 -0.029223 0.999470 0.014335 93.625420 0.947345 0.023118 0.319380 0.076104 0.000000 0.000000 0.000000 1.000000
0.318857 0.020089 -0.947590 0.354814 -0.029416 0.999503 0.011291 93.753860 0.947346 0.024274 0.319290 0.120864 0.000000 0.000000 0.000000 1.000000
0.318733 0.017580 -0.947682 0.311561 -0.029700 0.999522 0.008553 93.866211 0.947379 0.025420 0.319102 0.160544 0.000000 0.000000 0.000000 1.000000
0.318498 0.015587 -0.947795 0.259066 -0.030049 0.999528 0.006340 93.951942 0.947447 0.026461 0.318817 0.192204 0.000000 0.000000 0.000000 1.000000
0.318229 0.014163 -0.947908 0.197578 -0.030322 0.999529 0.004755 94.007652 0.947529 0.027229 0.318508 0.214681 0.000000 0.000000 0.000000 1.000000
0.318048 0.013212 -0.947982 0.131087 -0.030382 0.999531 0.003738 94.040291 0.947588 0.027613 0.318301 0.228823 0.000000 0.000000 0.000000 1.000000
0.318026 0.012574 -0.947999 0.063553 -0.030216 0.999539 0.003121 94.061493 0.947600 0.027652 0.318259 0.237017 0.000000 0.000000 0.000000 1.000000
0.318216 0.012148 -0.947940 -0.002610 -0.029830 0.999551 0.002796 94.080528 0.947549 0.027387 0.318436 0.239307 0.000000 0.000000 0.000000 1.000000
0.318606 0.011846 -0.947813 -0.066269 -0.029284 0.999568 0.002649 94.106934 0.947435 0.026912 0.318815 0.236948 0.000000 0.000000 0.000000 1.000000
0.319134 0.011618 -0.947639 -0.127895 -0.028699 0.999585 0.002589 94.149101 0.947275 0.026370 0.319335 0.232358 0.000000 0.000000 0.000000 1.000000
0.319731 0.011446 -0.947439 -0.188602 -0.028207 0.999599 0.002557 94.211929 0.947088 0.025906 0.319926 0.228988 0.000000 0.000000 0.000000 1.000000
0.320362 0.011335 -0.947227 -0.249073 -0.027897 0.999608 0.002527 94.295181 0.946884 0.025615 0.320553 0.229961 0.000000 0.000000 0.000000 1.000000
0.321030 0.011294 -0.947002 -0.308725 -0.027789 0.999611 0.002500 94.392036 0.946661 0.025514 0.321219 0.236991 0.000000 0.000000 0.000000 1.000000
0.321746 0.011338 -0.946758 -0.365376 -0.027850 0.999609 0.002506 94.490623 0.946416 0.025561 0.321936 0.250169 0.000000 0.000000 0.000000 1.000000
0.322476 0.011489 -0.946508 -0.416118 -0.028025 0.999604 0.002585 94.577576 0.946163 0.025692 0.322671 0.268336 0.000000 0.000000 0.000000 1.000000
0.323103 0.011759 -0.946291 -0.458290 -0.028234 0.999597 0.002781 94.639282 0.945943 0.025819 0.323305 0.288566 0.000000 0.000000 0.000000 1.000000
0.323432 0.012147 -0.946173 -0.490360 -0.028398 0.999592 0.003125 94.665115 0.945825 0.025858 0.323645 0.306907 0.000000 0.000000 0.000000 1.000000
0.323263 0.012640 -0.946225 -0.512524 -0.028463 0.999588 0.003629 94.650215 0.945881 0.025759 0.323490 0.319442 0.000000 0.000000 0.000000 1.000000
0.322479 0.013231 -0.946484 -0.525267 -0.028472 0.999585 0.004273 94.599632 0.946148 0.025570 0.322722 0.324205 0.000000 0.000000 0.000000 1.000000
0.321140 0.013898 -0.946930 -0.529416 -0.028470 0.999582 0.005015 94.522919 0.946604 0.025348 0.321401 0.319718 0.000000 0.000000 0.000000 1.000000
0.319506 0.014612 -0.947472 -0.524822 -0.028501 0.999577 0.005804 94.431602 0.947155 0.025150 0.319787 0.305383 0.000000 0.000000 0.000000 1.000000
0.317986 0.015336 -0.947971 -0.510597 -0.028562 0.999570 0.006590 94.335258 0.947665 0.024980 0.318287 0.280948 0.000000 0.000000 0.000000 1.000000
0.317006 0.016036 -0.948288 -0.485724 -0.028591 0.999564 0.007346 94.239273 0.947993 0.024784 0.317326 0.246247 0.000000 0.000000 0.000000 1.000000
0.316862 0.016693 -0.948325 -0.449848 -0.028488 0.999562 0.008077 94.142982 0.948044 0.024456 0.317198 0.201154 0.000000 0.000000 0.000000 1.000000
0.317624 0.017326 -0.948058 -0.403505 -0.028179 0.999564 0.008827 94.042496 0.947798 0.023911 0.317974 0.146223 0.000000 0.000000 0.000000 1.000000
0.319100 0.018001 -0.947550 -0.348774 -0.027657 0.999571 0.009675 93.933784 0.947318 0.023119 0.319460 0.082993 0.000000 0.000000 0.000000 1.000000
0.320916 0.018808 -0.946921 -0.288186 -0.026975 0.999579 0.010712 93.813980 0.946724 0.022106 0.321288 0.013472 0.000000 0.000000 0.000000 1.000000
0.322621 0.019836 -0.946320 -0.224196 -0.026211 0.999584 0.012017 93.682449 0.946165 0.020927 0.323006 -0.060504 0.000000 0.000000 0.000000 1.000000
0.323847 0.021139 -0.945873 -0.159489 -0.025461 0.999583 0.013622 93.542740 0.945767 0.019671 0.324250 -0.137207 0.000000 0.000000 0.000000 1.000000
0.324394 0.022717 -0.945649 -0.095481 -0.024848 0.999571 0.015489 93.403702 0.945596 0.018474 0.324819 -0.214145 0.000000 0.000000 0.000000 1.000000
0.324280 0.024481 -0.945644 -0.032344 -0.024412 0.999549 0.017505 93.273132 0.945646 0.017409 0.324732 -0.289463 0.000000 0.000000 0.000000 1.000000
0.323688 0.026288 -0.945799 0.030100 -0.024136 0.999518 0.019521 93.156342 0.945856 0.016509 0.324167 -0.361629 0.000000 0.000000 0.000000 1.000000
0.322892 0.028000 -0.946021 0.091886 -0.023982 0.999483 0.021397 93.055534 0.946132 0.015778 0.323397 -0.429113 0.000000 0.000000 0.000000 1.000000
0.322144 0.029539 -0.946230 0.153134 -0.023891 0.999448 0.023067 92.968575 0.946389 0.015175 0.322672 -0.490815 0.000000 0.000000 0.000000 1.000000
0.321608 0.030923 -0.946368 0.213396 -0.023789 0.999415 0.024572 92.888824 0.946574 0.014611 0.322155 -0.546560 0.000000 0.000000 0.000000 1.000000
0.321337 0.032274 -0.946415 0.271515 -0.023630 0.999381 0.026057 92.808685 0.946670 0.013990 0.321901 -0.596847 0.000000 0.000000 0.000000 1.000000
0.321296 0.033781 -0.946376 0.326084 -0.023423 0.999341 0.027720 92.722900 0.946689 0.013261 0.321875 -0.642086 0.000000 0.000000 0.000000 1.000000
0.321431 0.035617 -0.946263 0.375917 -0.023177 0.999289 0.029741 92.628181 0.946649 0.012372 0.322028 -0.683250 0.000000 0.000000 0.000000 1.000000
0.321704 0.037868 -0.946083 0.420585 -0.022877 0.999219 0.032216 92.523186 0.946564 0.011280 0.322319 -0.721635 0.000000 0.000000 0.000000 1.000000
0.322100 0.040508 -0.945839 0.460687 -0.022516 0.999129 0.035122 92.410492 0.946438 0.009983 0.322731 -0.757856 0.000000 0.000000 0.000000 1.000000
0.322591 0.043405 -0.945543 0.497387 -0.022082 0.999021 0.038326 92.295227 0.946281 0.008516 0.323234 -0.791654 0.000000 0.000000 0.000000 1.000000
0.323114 0.046354 -0.945224 0.532212 -0.021569 0.998901 0.041614 92.183723 0.946114 0.006942 0.323759 -0.822180 0.000000 0.000000 0.000000 1.000000
0.323538 0.049144 -0.944938 0.566864 -0.020995 0.998777 0.044755 92.082413 0.945982 0.005359 0.324174 -0.848282 0.000000 0.000000 0.000000 1.000000
0.323710 0.051593 -0.944749 0.602164 -0.020385 0.998661 0.047552 91.996231 0.945937 0.003865 0.324329 -0.869203 0.000000 0.000000 0.000000 1.000000
0.323517 0.053604 -0.944703 0.638013 -0.019787 0.998559 0.049884 91.928078 0.946016 0.002555 0.324111 -0.884466 0.000000 0.000000 0.000000 1.000000
0.322936 0.055172 -0.944811 0.673731 -0.019256 0.998476 0.051724 91.878090 0.946225 0.001490 0.323506 -0.894291 0.000000 0.000000 0.000000 1.000000
0.322073 0.056360 -0.945036 0.707987 -0.018817 0.998410 0.053130 91.843033 0.946528 0.000671 0.322621 -0.899627 0.000000 0.000000 0.000000 1.000000
0.321131 0.057276 -0.945301 0.739239 -0.018464 0.998358 0.054218 91.817368 0.946855 0.000043 0.321661 -0.901394 0.000000 0.000000 0.000000 1.000000
0.320331 0.058033 -0.945526 0.766274 -0.018175 0.998315 0.055116 91.795593 0.947131 -0.000470 0.320846 -0.899869 0.000000 0.000000 0.000000 1.000000
0.319835 0.058711 -0.945653 0.788512 -0.017912 0.998275 0.055920 91.773315 0.947304 -0.000947 0.320334 -0.894934 0.000000 0.000000 0.000000 1.000000
0.319677 0.059333 -0.945667 0.806382 -0.017633 0.998237 0.056671 91.748810 0.947363 -0.001442 0.320160 -0.886237 0.000000 0.000000 0.000000 1.000000
0.319768 0.059869 -0.945603 0.820922 -0.017334 0.998204 0.057337 91.724159 0.947337 -0.001943 0.320231 -0.873187 0.000000 0.000000 0.000000 1.000000
0.319940 0.060242 -0.945520 0.832800 -0.017049 0.998181 0.057828 91.704430 0.947284 -0.002381 0.320386 -0.855578 0.000000 0.000000 0.000000 1.000000
0.320038 0.060352 -0.945481 0.842287 -0.016832 0.998174 0.058018 91.695450 0.947255 -0.002654 0.320469 -0.834393 0.000000 0.000000 0.000000 1.000000
0.319977 0.060101 -0.945517 0.849243 -0.016760 0.998189 0.057778 91.702667 0.947277 -0.002641 0.320404 -0.811246 0.000000 0.000000 0.000000 1.000000
0.319782 0.059435 -0.945625 0.852884 -0.016922 0.998230 0.057019 91.730484 0.947340 -0.002231 0.320222 -0.787584 0.000000 0.000000 0.000000 1.000000
0.319558 0.058351 -0.945769 0.852194 -0.017383 0.998295 0.055718 91.781120 0.947407 -0.001365 0.320027 -0.764284 0.000000 0.000000 0.000000 1.000000
0.319426 0.056907 -0.945901 0.846765 -0.018164 0.998379 0.053930 91.854851 0.947437 -0.000045 0.319942 -0.740904 0.000000 0.000000 0.000000 1.000000
0.319449 0.055208 -0.945994 0.837037 -0.019246 0.998473 0.051772 91.951202 0.947408 0.001668 0.320024 -0.715439 0.000000 0.000000 0.000000 1.000000
0.319580 0.053385 -0.946054 0.824193 -0.020583 0.998567 0.049395 92.069771 0.947336 0.003687 0.320221 -0.684264 0.000000 0.000000 0.000000 1.000000
0.319666 0.051552 -0.946127 0.809874 -0.022109 0.998653 0.046944 92.209511 0.947272 0.005911 0.320375 -0.643404 0.000000 0.000000 0.000000 1.000000
0.319507 0.049772 -0.946276 0.795725 -0.023738 0.998727 0.044516 92.368080 0.947286 0.008240 0.320282 -0.590127 0.000000 0.000000 0.000000 1.000000
0.318940 0.048049 -0.946556 0.782813 -0.025395 0.998789 0.042144 92.541565 0.947435 0.010596 0.319773 -0.523635 0.000000 0.000000 0.000000 1.000000
0.317899 0.046341 -0.946992 0.771019 -0.027030 0.998842 0.039804 92.724823 0.947739 0.012944 0.318783 -0.445394 0.000000 0.000000 0.000000 1.000000
0.316456 0.044583 -0.947559 0.759142 -0.028610 0.998889 0.037443 92.911247 0.948176 0.015261 0.317380 -0.358978 0.000000 0.000000 0.000000 1.000000
0.314784 0.042729 -0.948201 0.745608 -0.030109 0.998933 0.035019 93.094162 0.948686 0.017525 0.315735 -0.269231 0.000000 0.000000 0.000000 1.000000
0.313104 0.040774 -0.948843 0.729428 -0.031499 0.998974 0.032534 93.268127 0.949196 0.019701 0.314067 -0.180816 0.000000 0.000000 0.000000 1.000000
0.311606 0.038761 -0.949420 0.710428 -0.032744 0.999012 0.030039 93.429382 0.949647 0.021728 0.312568 -0.097524 0.000000 0.000000 0.000000 1.000000
0.310413 0.036763 -0.949891 0.689224 -0.033813 0.999047 0.027616 93.576767 0.950000 0.023547 0.311361 -0.021492 0.000000 0.000000 0.000000 1.000000
0.309543 0.034860 -0.950246 0.667062 -0.034703 0.999076 0.025347 93.711632 0.950252 0.025130 0.310466 0.046945 0.000000 0.000000 0.000000 1.000000
0.308949 0.033096 -0.950503 0.645142 -0.035407 0.999102 0.023279 93.835907 0.950419 0.026462 0.309843 0.108207 0.000000 0.000000 0.000000 1.000000
0.308530 0.031460 -0.950694 0.623791 -0.035924 0.999125 0.021404 93.951324 0.950536 0.027549 0.309390 0.162893 0.000000 0.000000 0.000000 1.000000
0.308170 0.029911 -0.950861 0.602528 -0.036302 0.999147 0.019664 94.061623 0.950638 0.028458 0.308993 0.212076 0.000000 0.000000 0.000000 1.000000
0.307764 0.028395 -0.951039 0.580764 -0.036608 0.999168 0.017985 94.171455 0.950758 0.029281 0.308547 0.256406 0.000000 0.000000 0.000000 1.000000
0.307253 0.026867 -0.951249 0.557979 -0.036895 0.999186 0.016303 94.284813 0.950912 0.030087 0.307994 0.295591 0.000000 0.000000 0.000000 1.000000
0.306639 0.025319 -0.951489 0.533462 -0.037212 0.999201 0.014596 94.404930 0.951098 0.030931 0.307336 0.328948 0.000000 0.000000 0.000000 1.000000
0.305984 0.023788 -0.951739 0.506703 -0.037609 0.999209 0.012883 94.533676 0.951293 0.031853 0.306637 0.355870 0.000000 0.000000 0.000000 1.000000
0.305411 0.022333 -0.951959 0.477092 -0.038116 0.999210 0.011213 94.670624 0.951457 0.032860 0.306022 0.375517 0.000000 0.000000 0.000000 1.000000
0.305068 0.021015 -0.952099 0.443553 -0.038743 0.999203 0.009641 94.811661 0.951542 0.033946 0.305639 0.387056 0.000000 0.000000 0.000000 1.000000
0.305087 0.019864 -0.952117 0.404729 -0.039456 0.999188 0.008203 94.949234 0.951507 0.035064 0.305623 0.389436 0.000000 0.000000 0.000000 1.000000
0.305539 0.018882 -0.951992 0.359847 -0.040191 0.999168 0.006919 95.075043 0.951331 0.036148 0.306044 0.382123 0.000000 0.000000 0.000000 1.000000
0.306403 0.018058 -0.951731 0.308937 -0.040876 0.999147 0.005798 95.181976 0.951024 0.037126 0.306880 0.365935 0.000000 0.000000 0.000000 1.000000
0.307562 0.017378 -0.951369 0.253017 -0.041426 0.999130 0.004858 95.265015 0.950626 0.037918 0.308014 0.343207 0.000000 0.000000 0.000000 1.000000
0.308839 0.016842 -0.950965 0.194726 -0.041784 0.999118 0.004125 95.323914 0.950196 0.038461 0.309270 0.318283 0.000000 0.000000 0.000000 1.000000
0.310032 0.016456 -0.950584 0.137936 -0.041919 0.999114 0.003625 95.362297 0.949801 0.038724 0.310448 0.296446 0.000000 0.000000 0.000000 1.000000
0.310983 0.016212 -0.950277 0.087059 -0.041833 0.999119 0.003355 95.385956 0.949495 0.038709 0.311387 0.282360 0.000000 0.000000 0.000000 1.000000
0.311606 0.016076 -0.950075 0.046526 -0.041553 0.999131 0.003278 95.399918 0.949302 0.038457 0.312004 0.278550 0.000000 0.000000 0.000000 1.000000
0.311905 0.015995 -0.949979 0.019598 -0.041120 0.999149 0.003322 95.405327 0.949223 0.038027 0.312298 0.284031 0.000000 0.000000 0.000000 1.000000
0.311966 0.015929 -0.949960 0.007171 -0.040584 0.999170 0.003426 95.398392 0.949226 0.037484 0.312354 0.294363 0.000000 0.000000 0.000000 1.000000
0.311918 0.015902 -0.949976 0.007558 -0.040010 0.999193 0.003589 95.371834 0.949266 0.036889 0.312302 0.302824 0.000000 0.000000 0.000000 1.000000
0.311908 0.016018 -0.949977 0.017121 -0.039447 0.999214 0.003896 95.317200 0.949293 0.036258 0.312295 0.301982 0.000000 0.000000 0.000000 1.000000
0.312049 0.016453 -0.949924 0.030521 -0.038945 0.999231 0.004513 95.228050 0.949268 0.035586 0.312449 0.285821 0.000000 0.000000 0.000000 1.000000
0.312419 0.017390 -0.949785 0.041943 -0.038540 0.999241 0.005618 95.102821 0.949162 0.034849 0.312852 0.251127 0.000000 0.000000 0.000000 1.000000
0.313053 0.018932 -0.949547 0.047492 -0.038244 0.999242 0.007314 94.947433 0.948965 0.034025 0.313540 0.198221 0.000000 0.000000 0.000000 1.000000
0.313957 0.021031 -0.949204 0.046113 -0.038048 0.999230 0.009555 94.773972 0.948675 0.033116 0.314515 0.130840 0.000000 0.000000 0.000000 1.000000
0.315117 0.023480 -0.948763 0.039469 -0.037904 0.999208 0.012139 94.595222 0.948296 0.032137 0.315757 0.054646 0.000000 0.000000 0.000000 1.000000
0.316502 0.025976 -0.948236 0.032318 -0.037762 0.999178 0.014768 94.423889 0.947840 0.031134 0.317223 -0.023411 0.000000 0.000000 0.000000 1.000000
0.318050 0.028221 -0.947654 0.030300 -0.037548 0.999148 0.017153 94.267174 0.947330 0.030127 0.318838 -0.097103 0.000000 0.000000 0.000000 1.000000
0.319646 0.030033 -0.947061 0.038195 -0.037196 0.999125 0.019130 94.126434 0.946807 0.029112 0.320484 -0.161501 0.000000 0.000000 0.000000 1.000000
0.321127 0.031395 -0.946515 0.058615 -0.036643 0.999114 0.020708 93.997826 0.946327 0.028033 0.321993 -0.213649 0.000000 0.000000 0.000000 1.000000
0.322323 0.032446 -0.946073 0.091606 -0.035847 0.999114 0.022052 93.874702 0.945951 0.026806 0.323201 -0.252580 0.000000 0.000000 0.000000 1.000000
0.323111 0.033412 -0.945771 0.134982 -0.034811 0.999120 0.023404 93.751137 0.945721 0.025361 0.323990 -0.279207 0.000000 0.000000 0.000000 1.000000
0.323470 0.034513 -0.945609 0.184806 -0.033597 0.999123 0.024974 93.623192 0.945642 0.023691 0.324346 -0.295879 0.000000 0.000000 0.000000 1.000000
0.323507 0.035885 -0.945545 0.236432 -0.032300 0.999117 0.026867 93.490074 0.945674 0.021849 0.324381 -0.306072 0.000000 0.000000 0.000000 1.000000
0.323381 0.037551 -0.945523 0.286754 -0.031062 0.999095 0.029055 93.355179 0.945759 0.019974 0.324255 -0.312925 0.000000 0.000000 0.000000 1.000000
0.323238 0.039430 -0.945496 0.334122 -0.030004 0.999056 0.031406 93.222679 0.945842 0.018217 0.324116 -0.319393 0.000000 0.000000 0.000000 1.000000
0.323114 0.041382 -0.945455 0.378267 -0.029196 0.999004 0.033748 93.096672 0.945910 0.016699 0.324000 -0.327784 0.000000 0.000000 0.000000 1.000000
0.322899 0.043275 -0.945443 0.420322 -0.028659 0.998943 0.035936 92.980110 0.945999 0.015492 0.323798 -0.339361 0.000000 0.000000 0.000000 1.000000
0.322397 0.045023 -0.945533 0.461867 -0.028368 0.998879 0.037890 92.873917 0.946180 0.014607 0.323312 -0.354676 0.000000 0.000000 0.000000 1.000000
0.321425 0.046606 -0.945788 0.504496 -0.028273 0.998815 0.039610 92.777481 0.946513 0.014009 0.322361 -0.373947 0.000000 0.000000 0.000000 1.000000
0.319918 0.048053 -0.946226 0.549728 -0.028308 0.998752 0.041149 92.688904 0.947022 0.013622 0.320879 -0.397349 0.000000 0.000000 0.000000 1.000000
0.318000 0.049426 -0.946801 0.597981 -0.028433 0.998688 0.042585 92.607254 0.947664 0.013378 0.318988 -0.424251 0.000000 0.000000 0.000000 1.000000
0.315948 0.050796 -0.947416 0.648131 -0.028625 0.998622 0.043996 92.532692 0.948345 0.013220 0.316966 -0.452745 0.000000 0.000000 0.000000 1.000000
0.314108 0.052208 -0.947951 0.698320 -0.028821 0.998551 0.045445 92.464104 0.948950 0.013046 0.315157 -0.480957 0.000000 0.000000 0.000000 1.000000
0.312783 0.053680 -0.948307 0.746229 -0.028925 0.998477 0.046979 92.399590 0.949384 0.012736 0.313859 -0.506961 0.000000 0.000000 0.000000 1.000000
0.312147 0.055205 -0.948428 0.788740 -0.028843 0.998401 0.048621 92.336945 0.949596 0.012179 0.313240 -0.528644 0.000000 0.000000 0.000000 1.000000
0.312209 0.056768 -0.948316 0.824171 -0.028548 0.998323 0.050363 92.276123 0.949585 0.011349 0.313306 -0.543332 0.000000 0.000000 0.000000 1.000000
0.312837 0.058317 -0.948015 0.851852 -0.028042 0.998245 0.052153 92.217545 0.949393 0.010269 0.313923 -0.549604 0.000000 0.000000 0.000000 1.000000
0.313803 0.059772 -0.947605 0.872139 -0.027367 0.998171 0.053899 92.162209 0.949093 0.009019 0.314865 -0.547292 0.000000 0.000000 0.000000 1.000000
0.314848 0.061034 -0.947178 0.885868 -0.026592 0.998106 0.055477 92.112442 0.948770 0.007721 0.315874 -0.537121 0.000000 0.000000 0.000000 1.000000
0.315725 0.062001 -0.946823 0.893969 -0.025797 0.998055 0.056754 92.070557 0.948500 0.006507 0.316710 -0.520852 0.000000 0.000000 0.000000 1.000000
0.316256 0.062591 -0.946607 0.896876 -0.025045 0.998024 0.057624 92.037712 0.948343 0.005484 0.317198 -0.500708 0.000000 0.000000 0.000000 1.000000
0.316360 0.062768 -0.946560 0.894561 -0.024398 0.998017 0.058026 92.014015 0.948325 0.004737 0.317265 -0.479202 0.000000 0.000000 0.000000 1.000000
0.316083 0.062545 -0.946668 0.886597 -0.023913 0.998033 0.057954 91.998619 0.948430 0.004319 0.316957 -0.458828 0.000000 0.000000 0.000000 1.000000
0.315578 0.061967 -0.946874 0.872628 -0.023616 0.998069 0.057447 91.989777 0.948606 0.004232 0.316432 -0.442286 0.000000 0.000000 0.000000 1.000000
0.315070 0.061102 -0.947100 0.852844 -0.023532 0.998122 0.056565 91.987015 0.948777 0.004465 0.315916 -0.431581 0.000000 0.000000 0.000000 1.000000
0.314784 0.060016 -0.947264 0.827999 -0.023680 0.998185 0.055373 91.991844 0.948868 0.005000 0.315634 -0.427680 0.000000 0.000000 0.000000 1.000000
0.314874 0.058756 -0.947313 0.799555 -0.024054 0.998255 0.053920 92.008247 0.948829 0.005809 0.315738 -0.429978 0.000000 0.000000 0.000000 1.000000
0.315372 0.057340 -0.947234 0.769448 -0.024627 0.998331 0.052234 92.040916 0.948648 0.006854 0.316258 -0.435954 0.000000 0.000000 0.000000 1.000000
0.316178 0.055756 -0.947060 0.739568 -0.025330 0.998412 0.050323 92.093361 0.948362 0.008079 0.317088 -0.441721 0.000000 0.000000 0.000000 1.000000
0.317096 0.053985 -0.946856 0.711517 -0.026087 0.998497 0.048193 92.166870 0.948035 0.009418 0.318028 -0.442572 0.000000 0.000000 0.000000 1.000000
0.317905 0.052018 -0.946695 0.686138 -0.026811 0.998588 0.045866 92.259171 0.947743 0.010801 0.318851 -0.434356 0.000000 0.000000 0.000000 1.000000
0.318441 0.049880 -0.946629 0.663760 -0.027429 0.998681 0.043396 92.364120 0.947546 0.012146 0.319389 -0.414821 0.000000 0.000000 0.000000 1.000000
0.318650 0.047641 -0.946675 0.644159 -0.027904 0.998775 0.040870 92.474030 0.947462 0.013393 0.319589 -0.383910 0.000000 0.000000 0.000000 1.000000
0.318598 0.045404 -0.946802 0.626527 -0.028242 0.998863 0.038397 92.581795 0.947469 0.014507 0.319518 -0.343850 0.000000 0.000000 0.000000 1.000000
0.318422 0.043266 -0.946961 0.609916 -0.028461 0.998944 0.036071 92.682335 0.947522 0.015465 0.319317 -0.298150 0.000000 0.000000 0.000000 1.000000
0.318329 0.041323 -0.947079 0.592628 -0.028590 0.999014 0.033979 92.773880 0.947549 0.016260 0.319196 -0.251995 0.000000 0.000000 0.000000 1.000000
0.318355 0.039393 -0.947153 0.572583 -0.028676 0.999079 0.031914 92.865646 0.947538 0.017001 0.319192 -0.206826 0.000000 0.000000 0.000000 1.000000
0.318470 0.037227 -0.947202 0.548272 -0.028741 0.999148 0.029605 92.967896 0.947497 0.017795 0.319268 -0.161811 0.000000 0.000000 0.000000 1.000000
0.318601 0.034676 -0.947254 0.520382 -0.028807 0.999223 0.026889 93.086449 0.947451 0.018720 0.319352 -0.115514 0.000000 0.000000 0.000000 1.000000
0.318709 0.031826 -0.947318 0.490551 -0.028880 0.999298 0.023856 93.217354 0.947412 0.019755 0.319405 -0.067691 0.000000 0.000000 0.000000 1.000000
0.318789 0.028854 -0.947386 0.459480 -0.028974 0.999366 0.020688 93.353630 0.947383 0.020855 0.319423 -0.019164 0.000000 0.000000 0.000000 1.000000</float_array>
        <technique_common>
          <accessor source="#mixamorig_Hips-Matrix-animation-output-transform-array" count="144" stride="16">
            <param type="float4x4"/>
          </accessor>
        </technique_common>
      </source>
      <source id="mixamorig_Hips-Interpolations">
        <Name_array id="mixamorig_Hips-Interpolations-array" count="144">
 LINEAR LINEAR LINEAR LINEAR LINEAR LINEAR LINEAR LINEAR LINEAR LINEAR LINEAR
LINEAR LINEAR LINEAR LINEAR LINEAR LINEAR LINEAR LINEAR LINEAR LINEAR LINEAR LINEAR
LINEAR LINEAR LINEAR LINEAR LINEAR LINEAR LINEAR LINEAR LINEAR LINEAR LINEAR LINEAR
LINEAR LINEAR LINEAR LINEAR LINEAR LINEAR LINEAR LINEAR LINEAR LINEAR LINEAR LINEAR
LINEAR LINEAR LINEAR LINEAR LINEAR LINEAR LINEAR LINEAR LINEAR LINEAR LINEAR LINEAR
LINEAR LINEAR LINEAR LINEAR LINEAR LINEAR LINEAR LINEAR LINEAR LINEAR LINEAR LINEAR
LINEAR LINEAR LINEAR LINEAR LINEAR LINEAR LINEAR LINEAR LINEAR LINEAR LINEAR LINEAR
LINEAR LINEAR LINEAR LINEAR LINEAR LINEAR LINEAR LINEAR LINEAR LINEAR LINEAR LINEAR
LINEAR LINEAR LINEAR LINEAR LINEAR LINEAR LINEAR LINEAR LINEAR LINEAR LINEAR LINEAR
LINEAR LINEAR LINEAR LINEAR LINEAR LINEAR LINEAR LINEAR LINEAR LINEAR LINEAR LINEAR
LINEAR LINEAR LINEAR LINEAR LINEAR LINEAR LINEAR LINEAR LINEAR LINEAR LINEAR LINEAR
LINEAR LINEAR LINEAR LINEAR LINEAR LINEAR LINEAR LINEAR LINEAR LINEAR LINEAR LINEAR
LINEAR</Name_array>
        <technique_common>
          <accessor source="#mixamorig_Hips-Interpolations-array" count="144">
            <param type="name"/>
          </accessor>
        </technique_common>
      </source>
      <sampler id="mixamorig_Hips-Matrix-animation-transform">
        <input semantic="INPUT" source="#mixamorig_Hips-Matrix-animation-input"/>
        <input semantic="OUTPUT" source="#mixamorig_Hips-Matrix-animation-output-transform"/>
        <input semantic="INTERPOLATION" source="#mixamorig_Hips-Interpolations"/>
      </sampler>
      <channel source="#mixamorig_Hips-Matrix-animation-transform" target="mixamorig_Hips/matrix"/>
    </animation>
    <animation id="mixamorig_Spine-anim" name="mixamorig_Spine">
      <source id="mixamorig_Spine-Matrix-animation-input">
        <float_array id="mixamorig_Spine-Matrix-animation-input-array" count="144">

0.000000 0.033333 0.066667 0.100000 0.133333 0.166667 0.200000 0.233333 0.266667 0.300000 0.333333 0.366667 0.400000 0.433333 0.466667 0.500000
0.533333 0.566667 0.600000 0.633333 0.666667 0.700000 0.733333 0.766667 0.800000 0.833333 0.866667 0.900000 0.933333 0.966667 1.000000 1.033333
1.066667 1.100000 1.133333 1.166667 1.200000 1.233333 1.266667 1.300000 1.333333 1.366667 1.400000 1.433333 1.466667 1.500000 1.533333 1.566667
1.600000 1.633333 1.666667 1.700000 1.733333 1.766667 1.800000 1.833333 1.866667 1.900000 1.933333 1.966667 2.000000 2.033333 2.066667 2.100000
2.133333 2.166667 2.200000 2.233333 2.266667 2.300000 2.333333 2.366667 2.400000 2.433333 2.466667 2.500000 2.533333 2.566667 2.600000 2.633333
2.666667 2.700000 2.733333 2.766667 2.800000 2.833333 2.866667 2.900000 2.933333 2.966667 3.000000 3.033333 3.066667 3.100000 3.133333 3.166667
3.200000 3.233333 3.266667 3.300000 3.333333 3.366667 3.400000 3.433333 3.466667 3.500000 3.533333 3.566667 3.600000 3.633333 3.666667 3.700000
3.733333 3.766667 3.800000 3.833333 3.866667 3.900000 3.933333 3.966667 4.000000 4.033333 4.066667 4.100000 4.133333 4.166667 4.200000 4.233333
4.266667 4.300000 4.333333 4.366667 4.400000 4.433333 4.466667 4.500000 4.533333 4.566667 4.600000 4.633333 4.666667 4.700000 4.733333 4.766667</float_array>
        <technique_common>
          <accessor source="#mixamorig_Spine-Matrix-animation-input-array" count="144">
            <param name="TIME" type="float"/>
          </accessor>
        </technique_common>
      </source>
      <source id="mixamorig_Spine-Matrix-animation-output-transform">
        <float_array id="mixamorig_Spine-Matrix-animation-output-transform-array" count="2304">

0.999642 0.004456 -0.026365 -0.000000 -0.008892 0.985295 -0.170632 9.686900 0.025217 0.170805 0.984982 -0.591100 0.000000 0.000000 0.000000 1.000000
0.999631 0.003079 -0.026987 -0.000000 -0.007511 0.986148 -0.165700 9.686900 0.026103 0.165841 0.985807 -0.591100 0.000000 0.000000 0.000000 1.000000
0.999603 0.001605 -0.028147 -0.000000 -0.006124 0.986900 -0.161215 9.686900 0.027519 0.161323 0.986518 -0.591100 0.000000 0.000000 0.000000 1.000000
0.999570 0.000296 -0.029325 0.000000 -0.004907 0.987544 -0.157269 9.686900 0.028913 0.157345 0.987120 -0.591100 0.000000 0.000000 0.000000 1.000000
0.999535 -0.001062 -0.030467 -0.000000 -0.003619 0.988192 -0.153180 9.686900 0.030270 0.153219 0.987729 -0.591100 0.000000 0.000000 0.000000 1.000000
0.999502 -0.002129 -0.031473 0.000000 -0.002593 0.988799 -0.149229 9.686900 0.031438 0.149236 0.988302 -0.591100 0.000000 0.000000 0.000000 1.000000
0.999483 -0.002561 -0.032047 -0.000000 -0.002150 0.989269 -0.146092 9.686900 0.032077 0.146085 0.988752 -0.591100 0.000000 0.000000 0.000000 1.000000
0.999473 -0.002367 -0.032366 0.000000 -0.002309 0.989622 -0.143680 9.686900 0.032370 0.143679 0.989095 -0.591100 0.000000 0.000000 0.000000 1.000000
0.999466 -0.002303 -0.032596 0.000000 -0.002338 0.989919 -0.141613 9.686900 0.032593 0.141614 0.989385 -0.591100 0.000000 0.000000 0.000000 1.000000
0.999447 -0.002241 -0.033164 -0.000000 -0.002447 0.990055 -0.140656 9.686900 0.033149 0.140660 0.989503 -0.591100 0.000000 0.000000 0.000000 1.000000
0.999405 -0.001741 -0.034456 0.000000 -0.003128 0.990039 -0.140756 9.686900 0.034358 0.140780 0.989445 -0.591100 0.000000 0.000000 0.000000 1.000000
0.999366 -0.001354 -0.035587 0.000000 -0.003650 0.990119 -0.140182 9.686900 0.035425 0.140222 0.989486 -0.591100 0.000000 0.000000 0.000000 1.000000
0.999356 -0.001222 -0.035865 0.000000 -0.003763 0.990342 -0.138595 9.686900 0.035688 0.138641 0.989699 -0.591100 0.000000 0.000000 0.000000 1.000000
0.999359 -0.001167 -0.035769 0.000000 -0.003752 0.990543 -0.137152 9.686900 0.035591 0.137198 0.989904 -0.591100 0.000000 0.000000 0.000000 1.000000
0.999359 -0.001348 -0.035764 0.000000 -0.003523 0.990733 -0.135780 9.686900 0.035616 0.135819 0.990093 -0.591100 0.000000 0.000000 0.000000 1.000000
0.999354 -0.001789 -0.035883 0.000000 -0.003038 0.990975 -0.134011 9.686900 0.035799 0.134033 0.990330 -0.591100 0.000000 0.000000 0.000000 1.000000
0.999343 -0.002149 -0.036171 0.000000 -0.002654 0.991220 -0.132193 9.686900 0.036137 0.132202 0.990564 -0.591100 0.000000 0.000000 0.000000 1.000000
0.999329 -0.002237 -0.036549 0.000000 -0.002566 0.991401 -0.130837 9.686900 0.036527 0.130843 0.990730 -0.591100 0.000000 0.000000 0.000000 1.000000
0.999317 -0.002491 -0.036880 0.000000 -0.002330 0.991497 -0.130111 9.686900 0.036891 0.130108 0.990813 -0.591100 0.000000 0.000000 0.000000 1.000000
0.999305 -0.002781 -0.037166 0.000000 -0.002065 0.991547 -0.129732 9.686900 0.037213 0.129718 0.990852 -0.591100 0.000000 0.000000 0.000000 1.000000
0.999296 -0.002438 -0.037434 0.000000 -0.002444 0.991534 -0.129828 9.686900 0.037434 0.129828 0.990830 -0.591100 0.000000 0.000000 0.000000 1.000000
0.999292 -0.001407 -0.037602 0.000000 -0.003531 0.991386 -0.130926 9.686900 0.037462 0.130966 0.990679 -0.591100 0.000000 0.000000 0.000000 1.000000
0.999289 -0.000283 -0.037700 0.000000 -0.004722 0.991159 -0.132598 9.686900 0.037404 0.132682 0.990453 -0.591100 0.000000 0.000000 0.000000 1.000000
0.999277 0.000538 -0.038021 0.000000 -0.005642 0.990931 -0.134251 9.686900 0.037604 0.134369 0.990218 -0.591100 0.000000 0.000000 0.000000 1.000000
0.999254 0.001241 -0.038602 0.000000 -0.006498 0.990638 -0.136360 9.686900 0.038072 0.136510 0.989907 -0.591100 0.000000 0.000000 0.000000 1.000000
0.999234 0.001987 -0.039092 0.000000 -0.007412 0.990246 -0.139134 9.686900 0.038435 0.139318 0.989502 -0.591100 0.000000 0.000000 0.000000 1.000000
0.999228 0.002535 -0.039199 0.000000 -0.008061 0.989910 -0.141468 9.686900 0.038444 0.141675 0.989166 -0.591100 0.000000 0.000000 0.000000 1.000000
0.999227 0.003235 -0.039182 0.000000 -0.008836 0.989589 -0.143651 9.686900 0.038310 0.143886 0.988852 -0.591100 0.000000 0.000000 0.000000 1.000000
0.999218 0.004854 -0.039246 -0.000000 -0.010589 0.989038 -0.147281 9.686900 0.038101 0.147582 0.988316 -0.591100 0.000000 0.000000 0.000000 1.000000
0.999211 0.006844 -0.039131 0.000000 -0.012719 0.988309 -0.151932 9.686900 0.037634 0.152310 0.987616 -0.591100 0.000000 0.000000 0.000000 1.000000
0.999213 0.008498 -0.038740 0.000000 -0.014456 0.987621 -0.156194 9.686900 0.036933 0.156631 0.986966 -0.591100 0.000000 0.000000 0.000000 1.000000
0.999221 0.010190 -0.038122 0.000000 -0.016174 0.986966 -0.160117 9.686900 0.035993 0.160609 0.986362 -0.591100 0.000000 0.000000 0.000000 1.000000
0.999228 0.012131 -0.037378 -0.000000 -0.018128 0.986200 -0.164563 9.686900 0.034866 0.165113 0.985658 -0.591100 0.000000 0.000000 0.000000 1.000000
0.999239 0.014086 -0.036369 0.000000 -0.020054 0.985354 -0.169335 9.686900 0.033451 0.169936 0.984887 -0.591100 0.000000 0.000000 0.000000 1.000000
0.999252 0.016031 -0.035178 0.000000 -0.021921 0.984494 -0.174042 9.686900 0.031843 0.174683 0.984110 -0.591100 0.000000 0.000000 0.000000 1.000000
0.999249 0.017976 -0.034333 0.000000 -0.023838 0.983596 -0.178803 9.686900 0.030555 0.179487 0.983286 -0.591100 0.000000 0.000000 0.000000 1.000000
0.999233 0.019805 -0.033783 0.000000 -0.025678 0.982699 -0.183420 9.686900 0.029566 0.184147 0.982454 -0.591100 0.000000 0.000000 0.000000 1.000000
0.999216 0.021512 -0.033232 -0.000000 -0.027376 0.981877 -0.187534 9.686900 0.028595 0.188297 0.981696 -0.591100 0.000000 0.000000 0.000000 1.000000
0.999202 0.023011 -0.032654 0.000000 -0.028859 0.981019 -0.191750 9.686900 0.027622 0.192539 0.980900 -0.591100 0.000000 0.000000 0.000000 1.000000
0.999189 0.024430 -0.032003 -0.000000 -0.030255 0.980040 -0.196483 9.686900 0.026564 0.197292 0.979985 -0.591100 0.000000 0.000000 0.000000 1.000000
0.999173 0.025973 -0.031273 0.000000 -0.031748 0.979024 -0.201257 9.686900 0.025389 0.202084 0.979039 -0.591100 0.000000 0.000000 0.000000 1.000000
0.999157 0.027201 -0.030762 -0.000000 -0.032969 0.977981 -0.206074 9.686900 0.024479 0.206915 0.978053 -0.591100 0.000000 0.000000 0.000000 1.000000
0.999142 0.027930 -0.030580 0.000000 -0.033765 0.976918 -0.210930 9.686900 0.023983 0.211782 0.977023 -0.591100 0.000000 0.000000 0.000000 1.000000
0.999136 0.028557 -0.030203 0.000000 -0.034404 0.975926 -0.215373 9.686900 0.023326 0.216226 0.976065 -0.591100 0.000000 0.000000 0.000000 1.000000
0.999129 0.029137 -0.029855 0.000000 -0.034993 0.974974 -0.219548 9.686900 0.022711 0.220401 0.975145 -0.591100 0.000000 0.000000 0.000000 1.000000
0.999102 0.029644 -0.030263 0.000000 -0.035678 0.973971 -0.223848 9.686900 0.022840 0.224727 0.974154 -0.591100 0.000000 0.000000 0.000000 1.000000
0.999053 0.030269 -0.031263 0.000000 -0.036611 0.972992 -0.227918 9.686900 0.023519 0.228847 0.973178 -0.591100 0.000000 0.000000 0.000000 1.000000
0.999004 0.030887 -0.032215 0.000000 -0.037522 0.972106 -0.231523 9.686900 0.024166 0.232501 0.972296 -0.591100 0.000000 0.000000 0.000000 1.000000
0.998978 0.031252 -0.032648 0.000000 -0.038053 0.971363 -0.234535 9.686900 0.024383 0.235538 0.971559 -0.591100 0.000000 0.000000 0.000000 1.000000
0.998982 0.031258 -0.032513 0.000000 -0.038097 0.970683 -0.237325 9.686900 0.024142 0.238322 0.970886 -0.591100 0.000000 0.000000 0.000000 1.000000
0.999008 0.030987 -0.031988 0.000000 -0.037774 0.970029 -0.240035 9.686900 0.023591 0.241005 0.970237 -0.591100 0.000000 0.000000 0.000000 1.000000
0.999042 0.030688 -0.031201 0.000000 -0.037348 0.969478 -0.242318 9.686900 0.022812 0.243251 0.969695 -0.591100 0.000000 0.000000 0.000000 1.000000
0.999072 0.030489 -0.030428 0.000000 -0.037012 0.968987 -0.244323 9.686900 0.022035 0.245222 0.969216 -0.591100 0.000000 0.000000 0.000000 1.000000
0.999095 0.030209 -0.029945 0.000000 -0.036657 0.968602 -0.245898 9.686900 0.021576 0.246773 0.968833 -0.591100 0.000000 0.000000 0.000000 1.000000
0.999113 0.029668 -0.029892 0.000000 -0.036150 0.968282 -0.247230 9.686900 0.021609 0.248091 0.968496 -0.591100 0.000000 0.000000 0.000000 1.000000
0.999125 0.029133 -0.030012 0.000000 -0.035678 0.968105 -0.247990 9.686900 0.021830 0.248844 0.968297 -0.591100 0.000000 0.000000 0.000000 1.000000
0.999138 0.028562 -0.030130 0.000000 -0.035143 0.968247 -0.247514 9.686900 0.022104 0.248359 0.968416 -0.591100 0.000000 0.000000 0.000000 1.000000
0.999164 0.027506 -0.030257 0.000000 -0.034118 0.968646 -0.246093 9.686900 0.022539 0.246919 0.968774 -0.591100 0.000000 0.000000 0.000000 1.000000
0.999193 0.026252 -0.030392 0.000000 -0.032893 0.969145 -0.244288 9.686900 0.023042 0.245090 0.969226 -0.591100 0.000000 0.000000 0.000000 1.000000
0.999212 0.025175 -0.030686 0.000000 -0.031857 0.969826 -0.241707 9.686900 0.023675 0.242494 0.969864 -0.591100 0.000000 0.000000 0.000000 1.000000
0.999225 0.023958 -0.031223 0.000000 -0.030713 0.970774 -0.238022 9.686900 0.024608 0.238797 0.970758 -0.591100 0.000000 0.000000 0.000000 1.000000
0.999237 0.022449 -0.031957 -0.000000 -0.029317 0.971790 -0.234018 9.686900 0.025802 0.234776 0.971707 -0.591100 0.000000 0.000000 0.000000 1.000000
0.999250 0.020674 -0.032726 0.000000 -0.027658 0.972812 -0.229939 9.686900 0.027083 0.230671 0.972655 -0.591100 0.000000 0.000000 0.000000 1.000000
0.999267 0.018821 -0.033349 0.000000 -0.025875 0.973852 -0.225706 9.686900 0.028229 0.226404 0.973624 -0.591100 0.000000 0.000000 0.000000 1.000000
0.999287 0.016860 -0.033788 0.000000 -0.023953 0.974748 -0.222021 9.686900 0.029191 0.222672 0.974456 -0.591100 0.000000 0.000000 0.000000 1.000000
0.999310 0.014588 -0.034164 -0.000000 -0.021712 0.975597 -0.218491 9.686900 0.030143 0.219082 0.975241 -0.591100 0.000000 0.000000 0.000000 1.000000
0.999331 0.012498 -0.034373 0.000000 -0.019579 0.976613 -0.214111 9.686900 0.030894 0.214641 0.976204 -0.591100 0.000000 0.000000 0.000000 1.000000
0.999353 0.010624 -0.034359 -0.000000 -0.017585 0.977729 -0.209134 9.686900 0.031372 0.209602 0.977283 -0.591100 0.000000 0.000000 0.000000 1.000000
0.999374 0.008540 -0.034327 0.000000 -0.015375 0.978830 -0.204096 9.686900 0.031857 0.204496 0.978349 -0.591100 0.000000 0.000000 0.000000 1.000000
0.999385 0.006517 -0.034443 -0.000000 -0.013239 0.979969 -0.198711 9.686900 0.032458 0.199045 0.979453 -0.591100 0.000000 0.000000 0.000000 1.000000
0.999388 0.004803 -0.034636 -0.000000 -0.011409 0.981105 -0.193142 9.686900 0.033054 0.193419 0.980559 -0.591100 0.000000 0.000000 0.000000 1.000000
0.999404 0.003250 -0.034374 -0.000000 -0.009660 0.982124 -0.187986 9.686900 0.033149 0.188206 0.981570 -0.591100 0.000000 0.000000 0.000000 1.000000
0.999439 0.001839 -0.033439 0.000000 -0.007947 0.983000 -0.183432 9.686900 0.032534 0.183595 0.982463 -0.591100 0.000000 0.000000 0.000000 1.000000
0.999481 0.000780 -0.032190 0.000000 -0.006553 0.983711 -0.179637 9.686900 0.031526 0.179754 0.983206 -0.591100 0.000000 0.000000 0.000000 1.000000
0.999511 -0.000209 -0.031273 -0.000000 -0.005308 0.984336 -0.176222 9.686900 0.030820 0.176302 0.983854 -0.591100 0.000000 0.000000 0.000000 1.000000
0.999525 -0.001399 -0.030796 0.000000 -0.003936 0.985001 -0.172504 9.686900 0.030575 0.172543 0.984527 -0.591100 0.000000 0.000000 0.000000 1.000000
0.999534 -0.002606 -0.030410 0.000000 -0.002558 0.985690 -0.168551 9.686900 0.030414 0.168550 0.985224 -0.591100 0.000000 0.000000 0.000000 1.000000
0.999544 -0.003650 -0.029972 -0.000000 -0.001333 0.986365 -0.164569 9.686900 0.030164 0.164534 0.985910 -0.591100 0.000000 0.000000 0.000000 1.000000
0.999553 -0.004693 -0.029527 0.000000 -0.000099 0.987077 -0.160248 9.686900 0.029897 0.160179 0.986635 -0.591100 0.000000 0.000000 0.000000 1.000000
0.999552 -0.005877 -0.029356 0.000000 0.001237 0.987814 -0.155634 9.686900 0.029913 0.155528 0.987378 -0.591100 0.000000 0.000000 0.000000 1.000000
0.999540 -0.006811 -0.029549 0.000000 0.002273 0.988538 -0.150956 9.686900 0.030239 0.150820 0.988099 -0.591100 0.000000 0.000000 0.000000 1.000000
0.999532 -0.007244 -0.029717 -0.000000 0.002823 0.989253 -0.146184 9.686900 0.030457 0.146031 0.988811 -0.591100 0.000000 0.000000 0.000000 1.000000
0.999529 -0.007474 -0.029763 0.000000 0.003193 0.989950 -0.141380 9.686900 0.030520 0.141219 0.989508 -0.591100 0.000000 0.000000 0.000000 1.000000
