<?xml version="1.0" encoding="utf-8"?>
<COLLADA xmlns="http://www.collada.org/2005/11/COLLADASchema" version="1.4.1">
  <asset>
    <contributor>
      <author>Mixamo</author>
      <authoring_tool>COLLADA Mixamo exporter</authoring_tool>
      <comments/>
    </contributor>
    <created>2025-12-24T07:28:23Z</created>
    <modified>2025-12-24T07:28:23Z</modified>
    <revision/>
    <title/>
    <unit meter="0.010000"/>
    <up_axis>Y_UP</up_axis>
  </asset>
  <library_animations>
    <animation id="mixamorig_Hips-anim" name="mixamorig_Hips">
      <source id="mixamorig_Hips-Matrix-animation-input">
        <float_array id="mixamorig_Hips-Matrix-animation-input-array" count="19">

0.000000 0.033333 0.066667 0.100000 0.133333 0.166667 0.200000 0.233333 0.266667 0.300000 0.333333 0.366667 0.400000 0.433333 0.466667 0.500000
0.533333 0.566667 0.600000</float_array>
        <technique_common>
          <accessor source="#mixamorig_Hips-Matrix-animation-input-array" count="19">
            <param name="TIME" type="float"/>
          </accessor>
        </technique_common>
      </source>
      <source id="mixamorig_Hips-Matrix-animation-output-transform">
        <float_array id="mixamorig_Hips-Matrix-animation-output-transform-array" count="304">

0.768644 -0.093396 -0.632822 1.346087 -0.168012 0.925075 -0.340600 92.940521 0.617218 0.368122 0.695361 -4.306871 0.000000 0.000000 0.000000 1.000000
0.788332 -0.129214 -0.601529 1.093547 -0.125950 0.923099 -0.363353 94.374603 0.602221 0.362206 0.711433 -6.815770 0.000000 0.000000 0.000000 1.000000
0.833857 -0.158570 -0.528714 0.322081 -0.079924 0.913070 -0.399895 96.318962 0.546164 0.375712 0.748696 -8.001417 0.000000 0.000000 0.000000 1.000000
0.889775 -0.156531 -0.428718 -0.765362 -0.049551 0.900662 -0.431685 97.583557 0.453702 0.405346 0.793630 -7.719778 0.000000 0.000000 0.000000 1.000000
0.936476 -0.107693 -0.333788 -1.331217 -0.051571 0.899067 -0.434763 98.140808 0.346919 0.424359 0.836401 -7.153029 0.000000 0.000000 0.000000 1.000000
0.961427 -0.041116 -0.271970 -0.975819 -0.075659 0.911094 -0.405195 97.616638 0.264450 0.410142 0.872840 -7.713028 0.000000 0.000000 0.000000 1.000000
0.966686 -0.016856 -0.255411 -0.066515 -0.081366 0.925838 -0.369057 95.495094 0.242690 0.377544 0.893623 -9.333611 0.000000 0.000000 0.000000 1.000000
0.956649 -0.045144 -0.287723 1.053956 -0.061060 0.934869 -0.349701 93.391876 0.284770 0.352110 0.891586 -10.689097 0.000000 0.000000 0.000000 1.000000
0.932102 -0.070912 -0.355186 2.118189 -0.063153 0.933806 -0.352163 92.704704 0.356647 0.350683 0.865924 -11.176739 0.000000 0.000000 0.000000 1.000000
0.902873 -0.056299 -0.426205 3.022774 -0.119054 0.919872 -0.373714 92.814026 0.413094 0.388158 0.823825 -11.066260 0.000000 0.000000 0.000000 1.000000
0.880909 -0.013953 -0.473080 3.592262 -0.205996 0.888616 -0.409789 93.355286 0.426104 0.458440 0.779915 -9.940723 0.000000 0.000000 0.000000 1.000000
0.865793 0.019262 -0.500031 3.751383 -0.273598 0.854893 -0.440797 93.658089 0.418982 0.518446 0.745431 -7.339458 0.000000 0.000000 0.000000 1.000000
0.856332 0.012365 -0.516278 3.518866 -0.282554 0.848023 -0.448352 93.305862 0.432272 0.529815 0.729683 -4.570900 0.000000 0.000000 0.000000 1.000000
0.848067 -0.020261 -0.529502 2.942982 -0.248086 0.867803 -0.430547 93.092216 0.468226 0.496495 0.730929 -2.740694 0.000000 0.000000 0.000000 1.000000
0.827977 -0.029361 -0.559993 2.090624 -0.236354 0.887318 -0.395985 91.744438 0.508519 0.460223 0.727739 -2.755378 0.000000 0.000000 0.000000 1.000000
0.790928 -0.011844 -0.611795 1.546451 -0.266541 0.893308 -0.361878 90.376724 0.550807 0.449288 0.703386 -3.633734 0.000000 0.000000 0.000000 1.000000
0.748614 -0.012096 -0.662896 1.290752 -0.283967 0.897635 -0.337066 89.808891 0.599116 0.440573 0.668547 -4.200425 0.000000 0.000000 0.000000 1.000000
0.734400 -0.045611 -0.677183 1.389723 -0.245376 0.912410 -0.327564 90.905426 0.632809 0.406727 0.658882 -4.589709 0.000000 0.000000 0.000000 1.000000
0.768644 -0.093396 -0.632822 1.346087 -0.168012 0.925075 -0.340600 92.940521 0.617219 0.368122 0.695361 -4.306871 0.000000 0.000000 0.000000 1.000000</float_array>
        <technique_common>
          <accessor source="#mixamorig_Hips-Matrix-animation-output-transform-array" count="19" stride="16">
            <param type="float4x4"/>
          </accessor>
        </technique_common>
      </source>
      <source id="mixamorig_Hips-Interpolations">
        <Name_array id="mixamorig_Hips-Interpolations-array" count="19">
 LINEAR LINEAR LINEAR LINEAR LINEAR LINEAR LINEAR LINEAR LINEAR LINEAR LINEAR
LINEAR LINEAR LINEAR LINEAR LINEAR LINEAR LINEAR LINEAR</Name_array>
        <technique_common>
          <accessor source="#mixamorig_Hips-Interpolations-array" count="19">
            <param type="name"/>
          </accessor>
        </technique_common>
      </source>
      <sampler id="mixamorig_Hips-Matrix-animation-transform">
        <input semantic="INPUT" source="#mixamorig_Hips-Matrix-animation-input"/>
        <input semantic="OUTPUT" source="#mixamorig_Hips-Matrix-animation-output-transform"/>
        <input semantic="INTERPOLATION" source="#mixamorig_Hips-Interpolations"/>
      </sampler>
      <channel source="#mixamorig_Hips-Matrix-animation-transform" target="mixamorig_Hips/matrix"/>
    </animation>
    <animation id="mixamorig_Spine-anim" name="mixamorig_Spine">
      <source id="mixamorig_Spine-Matrix-animation-input">
        <float_array id="mixamorig_Spine-Matrix-animation-input-array" count="19">

0.000000 0.033333 0.066667 0.100000 0.133333 0.166667 0.200000 0.233333 0.266667 0.300000 0.333333 0.366667 0.400000 0.433333 0.466667 0.500000
0.533333 0.566667 0.600000</float_array>
        <technique_common>
          <accessor source="#mixamorig_Spine-Matrix-animation-input-array" count="19">
            <param name="TIME" type="float"/>
          </accessor>
        </technique_common>
      </source>
      <source id="mixamorig_Spine-Matrix-animation-output-transform">
        <float_array id="mixamorig_Spine-Matrix-animation-output-transform-array" count="304">

0.999993 0.001345 0.003534 0.000000 -0.000590 0.978682 -0.205380 9.686900 -0.003735 0.205376 0.978676 -0.591100 0.000000 0.000000 0.000000 1.000000
0.998644 0.046001 0.024386 0.000000 -0.040126 0.978458 -0.202507 9.686900 -0.033176 0.201254 0.978977 -0.591100 0.000000 0.000000 0.000000 1.000000
0.995689 0.088763 0.026927 0.000000 -0.082500 0.980137 -0.180348 9.686900 -0.042401 0.177349 0.983234 -0.591100 0.000000 0.000000 0.000000 1.000000
0.994301 0.106261 0.008613 0.000000 -0.103985 0.984469 -0.141450 9.686900 -0.023510 0.139748 0.989908 -0.591100 0.000000 0.000000 0.000000 1.000000
0.995926 0.082059 -0.037387 0.000000 -0.086077 0.988674 -0.122939 9.686900 0.026876 0.125656 0.991710 -0.591100 0.000000 0.000000 0.000000 1.000000
0.993585 0.043124 -0.104545 0.000000 -0.059267 0.985881 -0.156605 9.686900 0.096315 0.161796 0.982113 -0.591100 0.000000 0.000000 0.000000 1.000000
0.984702 0.036066 -0.170473 0.000000 -0.070641 0.976968 -0.201352 9.686900 0.159284 0.210314 0.964571 -0.591100 0.000000 0.000000 0.000000 1.000000
0.974243 0.066717 -0.215406 0.000000 -0.114569 0.969204 -0.217986 9.686900 0.194229 0.237050 0.951884 -0.591100 0.000000 0.000000 0.000000 1.000000
0.967290 0.079587 -0.240865 0.000000 -0.133637 0.966941 -0.217177 9.686900 0.215617 0.242262 0.945948 -0.591100 0.000000 0.000000 0.000000 1.000000
0.961942 0.026381 -0.271977 -0.000000 -0.088409 0.971841 -0.218425 9.686900 0.258556 0.234157 0.937187 -0.591100 0.000000 0.000000 0.000000 1.000000
0.941795 -0.084234 -0.325465 -0.000000 0.007261 0.972973 -0.230804 9.686900 0.336110 0.215007 0.916953 -0.591100 0.000000 0.000000 0.000000 1.000000
0.905335 -0.193428 -0.378093 0.000000 0.103939 0.964102 -0.244344 9.686900 0.411783 0.181914 0.892940 -0.591100 0.000000 0.000000 0.000000 1.000000
0.881168 -0.237292 -0.408945 0.000000 0.150231 0.960632 -0.233703 9.686900 0.448302 0.144495 0.882126 -0.591100 0.000000 0.000000 0.000000 1.000000
0.890192 -0.213613 -0.402402 -0.000000 0.136272 0.967673 -0.212224 9.686900 0.434728 0.134084 0.890524 -0.591100 0.000000 0.000000 0.000000 1.000000
0.922459 -0.176271 -0.343509 0.000000 0.111117 0.973262 -0.201035 9.686900 0.369760 0.147277 0.917380 -0.591100 0.000000 0.000000 0.000000 1.000000
0.958039 -0.156381 -0.240222 0.000000 0.108589 0.973608 -0.200738 9.686900 0.265273 0.166229 0.949736 -0.591100 0.000000 0.000000 0.000000 1.000000
0.983057 -0.132778 -0.126369 -0.000000 0.107289 0.975780 -0.190637 9.686900 0.148621 0.173849 0.973493 -0.591100 0.000000 0.000000 0.000000 1.000000
0.996627 -0.072792 -0.037907 0.000000 0.064087 0.978788 -0.194593 9.686900 0.051268 0.191507 0.980151 -0.591100 0.000000 0.000000 0.000000 1.000000
0.999993 0.001345 0.003534 0.000000 -0.000591 0.978682 -0.205379 9.686900 -0.003735 0.205376 0.978676 -0.591100 0.000000 0.000000 0.000000 1.000000</float_array>
        <technique_common>
          <accessor source="#mixamorig_Spine-Matrix-animation-output-transform-array" count="19" stride="16">
            <param type="float4x4"/>
          </accessor>
        </technique_common>
      </source>
      <source id="mixamorig_Spine-Interpolations">
        <Name_array id="mixamorig_Spine-Interpolations-array" count="19">
 LINEAR LINEAR LINEAR LINEAR LINEAR LINEAR LINEAR LINEAR LINEAR LINEAR LINEAR
LINEAR LINEAR LINEAR LINEAR LINEAR LINEAR LINEAR LINEAR</Name_array>
        <technique_common>
          <accessor source="#mixamorig_Spine-Interpolations-array" count="19">
            <param type="name"/>
          </accessor>
        </technique_common>
      </source>
      <sampler id="mixamorig_Spine-Matrix-animation-transform">
        <input semantic="INPUT" source="#mixamorig_Spine-Matrix-animation-input"/>
        <input semantic="OUTPUT" source="#mixamorig_Spine-Matrix-animation-output-transform"/>
        <input semantic="INTERPOLATION" source="#mixamorig_Spine-Interpolations"/>
      </sampler>
      <channel source="#mixamorig_Spine-Matrix-animation-transform" target="mixamorig_Spine/matrix"/>
    </animation>
    <animation id="mixamorig_Spine1-anim" name="mixamorig_Spine1">
      <source id="mixamorig_Spine1-Matrix-animation-input">
        <float_array id="mixamorig_Spine1-Matrix-animation-input-array" count="19">

0.000000 0.033333 0.066667 0.100000 0.133333 0.166667 0.200000 0.233333 0.266667 0.300000 0.333333 0.366667 0.400000 0.433333 0.466667 0.500000
0.533333 0.566667 0.600000</float_array>
        <technique_common>
          <accessor source="#mixamorig_Spine1-Matrix-animation-input-array" count="19">
            <param name="TIME" type="float"/>
          </accessor>
        </technique_common>
      </source>
      <source id="mixamorig_Spine1-Matrix-animation-output-transform">
        <float_array id="mixamorig_Spine1-Matrix-animation-output-transform-array" count="304">

1.000000 -0.000720 -0.000338 0.000000 0.000699 0.998250 -0.059138 11.322300 0.000380 0.059138 0.998250 0.000000 0.000000 0.000000 0.000000 1.000000
0.999965 0.006668 0.005061 0.000000 -0.006356 0.998220 -0.059299 11.322300 -0.005448 0.059265 0.998227 0.000000 0.000000 0.000000 0.000000 1.000000
0.999842 0.016736 0.005973 0.000000 -0.016373 0.998280 -0.056292 11.322300 -0.006904 0.056185 0.998396 -0.000000 0.000000 0.000000 0.000000 1.000000
0.999733 0.022983 0.002391 0.000000 -0.022841 0.998582 -0.048079 11.322300 -0.003493 0.048012 0.998841 0.000000 0.000000 0.000000 0.000000 1.000000
0.999767 0.020845 -0.005678 0.000000 -0.021060 0.998947 -0.040760 11.322300 0.004822 0.040870 0.999153 0.000000 0.000000 0.000000 0.000000 1.000000
0.999718 0.016869 -0.016701 0.000000 -0.017584 0.998893 -0.043626 11.322300 0.015946 0.043907 0.998908 0.000000 0.000000 0.000000 0.000000 1.000000
0.999442 0.019647 -0.027020 0.000000 -0.021006 0.998479 -0.050975 11.322300 0.025977 0.051514 0.998334 0.000000 0.000000 0.000000 0.000000 1.000000
0.999002 0.029090 -0.033886 -0.000000 -0.030917 0.998023 -0.054721 11.322300 0.032227 0.055714 0.997927 0.000000 0.000000 0.000000 0.000000 1.000000
0.998668 0.033870 -0.038937 0.000000 -0.035967 0.997866 -0.054499 11.322300 0.037008 0.055827 0.997754 0.000000 0.000000 0.000000 0.000000 1.000000
0.998642 0.023477 -0.046502 0.000000 -0.025963 0.998225 -0.053590 11.322300 0.045161 0.054724 0.997480 0.000000 0.000000 0.000000 0.000000 1.000000
0.998325 0.001768 -0.057824 0.000000 -0.004928 0.998499 -0.054550 11.322300 0.057641 0.054743 0.996835 0.000000 0.000000 0.000000 0.000000 1.000000
0.997457 -0.018583 -0.068808 -0.000000 0.014817 0.998385 -0.054851 11.322300 0.069716 0.053692 0.996121 0.000000 0.000000 0.000000 0.000000 1.000000
0.996846 -0.026827 -0.074684 0.000000 0.023123 0.998480 -0.050031 11.322300 0.075913 0.048146 0.995951 0.000000 0.000000 0.000000 0.000000 1.000000
0.997101 -0.022089 -0.072807 -0.000000 0.018810 0.998791 -0.045421 11.322300 0.073722 0.043920 0.996311 0.000000 0.000000 0.000000 0.000000 1.000000
0.997901 -0.016158 -0.062702 0.000000 0.013389 0.998926 -0.044347 11.322300 0.063351 0.043414 0.997047 0.000000 0.000000 0.000000 0.000000 1.000000
0.998816 -0.015661 -0.046049 0.000000 0.013486 0.998796 -0.047168 11.322300 0.046732 0.046491 0.997825 0.000000 0.000000 0.000000 0.000000 1.000000
0.999489 -0.017473 -0.026759 0.000000 0.016146 0.998668 -0.049008 11.322300 0.027579 0.048551 0.998440 -0.000000 0.000000 0.000000 0.000000 1.000000
0.999882 -0.011437 -0.010249 0.000000 0.010866 0.998477 -0.054082 11.322300 0.010852 0.053964 0.998484 0.000000 0.000000 0.000000 0.000000 1.000000
1.000000 -0.000720 -0.000339 0.000000 0.000699 0.998250 -0.059138 11.322300 0.000381 0.059138 0.998250 0.000000 0.000000 0.000000 0.000000 1.000000</float_array>
        <technique_common>
          <accessor source="#mixamorig_Spine1-Matrix-animation-output-transform-array" count="19" stride="16">
            <param type="float4x4"/>
          </accessor>
        </technique_common>
      </source>
      <source id="mixamorig_Spine1-Interpolations">
        <Name_array id="mixamorig_Spine1-Interpolations-array" count="19">
 LINEAR LINEAR LINEAR LINEAR LINEAR LINEAR LINEAR LINEAR LINEAR LINEAR LINEAR
LINEAR LINEAR LINEAR LINEAR LINEAR LINEAR LINEAR LINEAR</Name_array>
        <technique_common>
          <accessor source="#mixamorig_Spine1-Interpolations-array" count="19">
            <param type="name"/>
          </accessor>
        </technique_common>
      </source>
      <sampler id="mixamorig_Spine1-Matrix-animation-transform">
        <input semantic="INPUT" source="#mixamorig_Spine1-Matrix-animation-input"/>
        <input semantic="OUTPUT" source="#mixamorig_Spine1-Matrix-animation-output-transform"/>
        <input semantic="INTERPOLATION" source="#mixamorig_Spine1-Interpolations"/>
      </sampler>
      <channel source="#mixamorig_Spine1-Matrix-animation-transform" target="mixamorig_Spine1/matrix"/>
    </animation>
    <animation id="mixamorig_Spine2-anim" name="mixamorig_Spine2">
      <source id="mixamorig_Spine2-Matrix-animation-input">
        <float_array id="mixamorig_Spine2-Matrix-animation-input-array" count="19">

0.000000 0.033333 0.066667 0.100000 0.133333 0.166667 0.200000 0.233333 0.266667 0.300000 0.333333 0.366667 0.400000 0.433333 0.466667 0.500000
0.533333 0.566667 0.600000</float_array>
        <technique_common>
          <accessor source="#mixamorig_Spine2-Matrix-animation-input-array" count="19">
            <param name="TIME" type="float"/>
          </accessor>
        </technique_common>
      </source>
      <source id="mixamorig_Spine2-Matrix-animation-output-transform">
        <float_array id="mixamorig_Spine2-Matrix-animation-output-transform-array" count="304">

0.999999 -0.000730 -0.000747 0.000000 0.000685 0.998250 -0.059135 12.939800 0.000789 0.059134 0.998250 -0.000000 0.000000 0.000000 0.000000 1.000000
0.999967 0.006469 0.004970 0.000000 -0.006163 0.998219 -0.059330 12.939800 -0.005345 0.059297 0.998226 0.000000 0.000000 0.000000 0.000000 1.000000
0.999845 0.016487 0.006101 -0.000000 -0.016117 0.998281 -0.056357 12.939800 -0.007020 0.056250 0.998392 0.000000 0.000000 0.000000 0.000000 1.000000
0.999735 0.022869 0.002562 -0.000000 -0.022720 0.998583 -0.048132 12.939800 -0.003659 0.048061 0.998838 0.000000 0.000000 0.000000 0.000000 1.000000
0.999765 0.020932 -0.005676 0.000000 -0.021146 0.998947 -0.040706 12.939800 0.004818 0.040816 0.999155 0.000000 0.000000 0.000000 0.000000 1.000000
0.999712 0.017084 -0.016881 0.000000 -0.017803 0.998898 -0.043434 12.939800 0.016121 0.043722 0.998914 -0.000000 0.000000 0.000000 0.000000 1.000000
0.999427 0.020004 -0.027317 -0.000000 -0.021369 0.998490 -0.050602 12.939800 0.026263 0.051156 0.998345 0.000000 0.000000 0.000000 0.000000 1.000000
0.998976 0.029587 -0.034239 0.000000 -0.031414 0.998041 -0.054101 12.939800 0.032571 0.055121 0.997948 0.000000 0.000000 0.000000 0.000000 1.000000
0.998633 0.034426 -0.039333 0.000000 -0.036514 0.997891 -0.053664 12.939800 0.037403 0.055026 0.997784 0.000000 0.000000 0.000000 0.000000 1.000000
0.998607 0.024096 -0.046939 0.000000 -0.026564 0.998257 -0.052692 12.939800 0.045588 0.053866 0.997507 0.000000 0.000000 0.000000 0.000000 1.000000
0.998294 0.002591 -0.058331 0.000000 -0.005732 0.998538 -0.053749 12.939800 0.058107 0.053992 0.996849 0.000000 0.000000 0.000000 0.000000 1.000000
0.997434 -0.017587 -0.069404 0.000000 0.013830 0.998432 -0.054241 12.939800 0.070249 0.053142 0.996113 0.000000 0.000000 0.000000 0.000000 1.000000
0.996828 -0.026015 -0.075211 0.000000 0.022329 0.998527 -0.049453 12.939800 0.076386 0.047616 0.995941 -0.000000 0.000000 0.000000 0.000000 1.000000
0.997077 -0.021500 -0.073316 0.000000 0.018269 0.998844 -0.044456 12.939800 0.074187 0.042987 0.996317 0.000000 0.000000 0.000000 0.000000 1.000000
0.997873 -0.015759 -0.063260 0.000000 0.013044 0.998986 -0.043102 12.939800 0.063875 0.042185 0.997066 0.000000 0.000000 0.000000 0.000000 1.000000
0.998790 -0.015305 -0.046735 0.000000 0.013148 0.998849 -0.046122 12.939800 0.047387 0.045452 0.997842 -0.000000 0.000000 0.000000 0.000000 1.000000
0.999476 -0.017228 -0.027409 0.000000 0.015884 0.998696 -0.048511 12.939800 0.028209 0.048050 0.998447 0.000000 0.000000 0.000000 0.000000 1.000000
0.999877 -0.011301 -0.010865 0.000000 0.010699 0.998488 -0.053928 12.939800 0.011458 0.053805 0.998486 0.000000 0.000000 0.000000 0.000000 1.000000
0.999999 -0.000730 -0.000747 0.000000 0.000685 0.998250 -0.059134 12.939800 0.000789 0.059134 0.998250 0.000000 0.000000 0.000000 0.000000 1.000000</float_array>
        <technique_common>
          <accessor source="#mixamorig_Spine2-Matrix-animation-output-transform-array" count="19" stride="16">
            <param type="float4x4"/>
          </accessor>
        </technique_common>
      </source>
      <source id="mixamorig_Spine2-Interpolations">
        <Name_array id="mixamorig_Spine2-Interpolations-array" count="19">
 LINEAR LINEAR LINEAR LINEAR LINEAR LINEAR LINEAR LINEAR LINEAR LINEAR LINEAR
LINEAR LINEAR LINEAR LINEAR LINEAR LINEAR LINEAR LINEAR</Name_array>
        <technique_common>
          <accessor source="#mixamorig_Spine2-Interpolations-array" count="19">
            <param type="name"/>
          </accessor>
        </technique_common>
      </source>
      <sampler id="mixamorig_Spine2-Matrix-animation-transform">
        <input semantic="INPUT" source="#mixamorig_Spine2-Matrix-animation-input"/>
        <input semantic="OUTPUT" source="#mixamorig_Spine2-Matrix-animation-output-transform"/>
        <input semantic="INTERPOLATION" source="#mixamorig_Spine2-Interpolations"/>
      </sampler>
      <channel source="#mixamorig_Spine2-Matrix-animation-transform" target="mixamorig_Spine2/matrix"/>
    </animation>
    <animation id="mixamorig_Neck-anim" name="mixamorig_Neck">
      <source id="mixamorig_Neck-Matrix-animation-input">
        <float_array id="mixamorig_Neck-Matrix-animation-input-array" count="19">

0.000000 0.033333 0.066667 0.100000 0.133333 0.166667 0.200000 0.233333 0.266667 0.300000 0.333333 0.366667 0.400000 0.433333 0.466667 0.500000
0.533333 0.566667 0.600000</float_array>
        <technique_common>
          <accessor source="#mixamorig_Neck-Matrix-animation-input-array" count="19">
            <param name="TIME" type="float"/>
          </accessor>
        </technique_common>
      </source>
      <source id="mixamorig_Neck-Matrix-animation-output-transform">
        <float_array id="mixamorig_Neck-Matrix-animation-output-transform-array" count="304">

0.981372 -0.110328 0.157276 -0.000000 0.015542 0.861567 0.507405 14.557300 -0.191485 -0.495509 0.847233 0.000000 0.000000 0.000000 0.000000 1.000000
0.988328 -0.088581 0.123938 0.000000 0.006129 0.836027 0.548654 14.557300 -0.152216 -0.541491 0.826812 0.000000 0.000000 0.000000 0.000000 1.000000
0.992898 -0.101596 0.061896 0.000000 0.048724 0.821927 0.567506 14.557300 -0.108530 -0.560460 0.821040 0.000000 0.000000 0.000000 0.000000 1.000000
0.990234 -0.139395 0.002445 0.000000 0.115317 0.828788 0.547551 14.557300 -0.078352 -0.541922 0.836769 0.000000 0.000000 0.000000 0.000000 1.000000
0.985220 -0.170152 -0.019743 -0.000000 0.154777 0.834913 0.528171 14.557300 -0.073386 -0.523421 0.848908 0.000000 0.000000 0.000000 0.000000 1.000000
0.980440 -0.196427 -0.012390 -0.000000 0.171640 0.822520 0.542218 14.557300 -0.096315 -0.533739 0.840146 0.000000 0.000000 0.000000 0.000000 1.000000
0.975000 -0.221861 0.012352 0.000000 0.179097 0.817543 0.547309 14.557300 -0.131525 -0.531414 0.836840 -0.000000 0.000000 0.000000 0.000000 1.000000
0.966621 -0.252877 0.041205 0.000000 0.192337 0.822440 0.535349 14.557300 -0.169266 -0.509554 0.843625 0.000000 0.000000 0.000000 0.000000 1.000000
0.955330 -0.285719 0.075561 0.000000 0.204353 0.823315 0.529521 14.557300 -0.213505 -0.490426 0.844925 0.000000 0.000000 0.000000 0.000000 1.000000
0.941533 -0.310845 0.129964 0.000000 0.194376 0.816224 0.544055 14.557300 -0.275197 -0.486984 0.828923 -0.000000 0.000000 0.000000 0.000000 1.000000
0.919899 -0.340189 0.195084 -0.000000 0.176196 0.802966 0.569386 14.557300 -0.350345 -0.489405 0.798587 -0.000000 0.000000 0.000000 0.000000 1.000000
0.898150 -0.357237 0.256335 0.000000 0.163792 0.812867 0.558944 14.557300 -0.408042 -0.460031 0.788590 -0.000000 0.000000 0.000000 0.000000 1.000000
0.895639 -0.326977 0.301526 0.000000 0.147885 0.858265 0.491438 14.557300 -0.419478 -0.395560 0.817050 0.000000 0.000000 0.000000 0.000000 1.000000
0.910686 -0.286428 0.297673 0.000000 0.136314 0.888587 0.437986 14.557300 -0.389960 -0.358290 0.848268 0.000000 0.000000 0.000000 0.000000 1.000000
0.928685 -0.254788 0.269496 0.000000 0.124124 0.898282 0.421524 14.557300 -0.349483 -0.358012 0.865846 -0.000000 0.000000 0.000000 0.000000 1.000000
0.941217 -0.234840 0.242820 -0.000000 0.112594 0.895811 0.429937 14.557300 -0.318487 -0.377324 0.869593 0.000000 0.000000 0.000000 0.000000 1.000000
0.954044 -0.193283 0.229003 0.000000 0.076353 0.895754 0.437945 14.557300 -0.289777 -0.400334 0.869346 -0.000000 0.000000 0.000000 0.000000 1.000000
0.967804 -0.150371 0.201850 0.000000 0.038838 0.881543 0.470504 14.557300 -0.248689 -0.447516 0.859001 0.000000 0.000000 0.000000 0.000000 1.000000
0.981372 -0.110328 0.157276 0.000000 0.015542 0.861567 0.507405 14.557300 -0.191485 -0.495509 0.847233 0.000000 0.000000 0.000000 0.000000 1.000000</float_array>
        <technique_common>
          <accessor source="#mixamorig_Neck-Matrix-animation-output-transform-array" count="19" stride="16">
            <param type="float4x4"/>
          </accessor>
        </technique_common>
      </source>
      <source id="mixamorig_Neck-Interpolations">
        <Name_array id="mixamorig_Neck-Interpolations-array" count="19">
 LINEAR LINEAR LINEAR LINEAR LINEAR LINEAR LINEAR LINEAR LINEAR LINEAR LINEAR
LINEAR LINEAR LINEAR LINEAR LINEAR LINEAR LINEAR LINEAR</Name_array>
        <technique_common>
          <accessor source="#mixamorig_Neck-Interpolations-array" count="19">
            <param type="name"/>
          </accessor>
        </technique_common>
      </source>
      <sampler id="mixamorig_Neck-Matrix-animation-transform">
        <input semantic="INPUT" source="#mixamorig_Neck-Matrix-animation-input"/>
        <input semantic="OUTPUT" source="#mixamorig_Neck-Matrix-animation-output-transform"/>
        <input semantic="INTERPOLATION" source="#mixamorig_Neck-Interpolations"/>
      </sampler>
      <channel source="#mixamorig_Neck-Matrix-animation-transform" target="mixamorig_Neck/matrix"/>
    </animation>
    <animation id="mixamorig_Head-anim" name="mixamorig_Head">
      <source id="mixamorig_Head-Matrix-animation-input">
        <float_array id="mixamorig_Head-Matrix-animation-input-array" count="19">

0.000000 0.033333 0.066667 0.100000 0.133333 0.166667 0.200000 0.233333 0.266667 0.300000 0.333333 0.366667 0.400000 0.433333 0.466667 0.500000
0.533333 0.566667 0.600000</float_array>
        <technique_common>
          <accessor source="#mixamorig_Head-Matrix-animation-input-array" count="19">
            <param name="TIME" type="float"/>
          </accessor>
        </technique_common>
      </source>
      <source id="mixamorig_Head-Matrix-animation-output-transform">
        <float_array id="mixamorig_Head-Matrix-animation-output-transform-array" count="304">

0.876912 0.139061 0.460095 0.000000 -0.134006 0.990011 -0.043819 3.226800 -0.461593 -0.023230 0.886788 0.865600 0.000000 0.000000 0.000000 1.000000
0.902388 0.093435 0.420672 0.000000 -0.070704 0.995084 -0.069349 3.226800 -0.425084 0.032836 0.904558 0.865600 0.000000 0.000000 0.000000 1.000000
0.924952 0.062252 0.374951 -0.000000 -0.032820 0.995893 -0.084382 3.226800 -0.378664 0.065744 0.923196 0.865600 0.000000 0.000000 0.000000 1.000000
0.937300 0.064109 0.342578 -0.000000 -0.035212 0.995326 -0.089923 3.226800 -0.346741 0.072222 0.935176 0.865600 0.000000 0.000000 0.000000 1.000000
0.939601 0.075632 0.333811 -0.000000 -0.042365 0.993480 -0.105845 3.226800 -0.339640 0.085310 0.936679 0.865600 0.000000 0.000000 0.000000 1.000000
0.933401 0.072571 0.351420 0.000000 -0.030343 0.991791 -0.124217 3.226800 -0.357550 0.105281 0.927941 0.865600 0.000000 0.000000 0.000000 1.000000
0.921430 0.049147 0.385422 0.000000 -0.009790 0.994590 -0.103418 3.226800 -0.388420 0.091519 0.916927 0.865600 0.000000 0.000000 0.000000 1.000000
0.906205 0.033277 0.421526 0.000000 -0.008787 0.998165 -0.059908 3.226800 -0.422746 0.050585 0.904835 0.865600 0.000000 0.000000 0.000000 1.000000
0.884004 0.043865 0.465416 0.000000 -0.032692 0.998951 -0.032056 3.226800 -0.466334 0.013123 0.884511 0.865600 0.000000 0.000000 0.000000 1.000000
0.846159 0.074573 0.527687 0.000000 -0.065016 0.997210 -0.036672 3.226800 -0.528950 -0.003277 0.848647 0.865600 0.000000 0.000000 0.000000 1.000000
0.789333 0.118045 0.602511 0.000000 -0.092834 0.993007 -0.072933 3.226800 -0.606907 0.001634 0.794771 0.865600 0.000000 0.000000 0.000000 1.000000
0.733235 0.163601 0.660001 -0.000000 -0.122581 0.986525 -0.108358 3.226800 -0.668835 -0.001452 0.743409 0.865600 0.000000 0.000000 0.000000 1.000000
0.713517 0.189836 0.674430 0.000000 -0.159041 0.981351 -0.107968 3.226800 -0.682348 -0.030225 0.730402 0.865600 0.000000 0.000000 0.000000 1.000000
0.729634 0.196942 0.654865 0.000000 -0.176958 0.979389 -0.097376 3.226800 -0.660545 -0.044835 0.749446 0.865600 0.000000 0.000000 0.000000 1.000000
0.762000 0.187482 0.619844 -0.000000 -0.167855 0.981643 -0.090564 3.226800 -0.625445 -0.035034 0.779481 0.865600 0.000000 0.000000 0.000000 1.000000
0.788324 0.177288 0.589164 0.000000 -0.161587 0.983629 -0.079779 3.226800 -0.593662 -0.032309 0.804066 0.865600 0.000000 0.000000 0.000000 1.000000
0.813093 0.162189 0.559084 0.000000 -0.159611 0.985711 -0.053827 3.226800 -0.559825 -0.045470 0.827362 0.865600 0.000000 0.000000 0.000000 1.000000
0.843416 0.148004 0.516473 0.000000 -0.150565 0.987899 -0.037222 3.226800 -0.515732 -0.046369 0.855494 0.865600 0.000000 0.000000 0.000000 1.000000
0.876912 0.139061 0.460095 -0.000000 -0.134006 0.990011 -0.043819 3.226800 -0.461593 -0.023230 0.886788 0.865600 0.000000 0.000000 0.000000 1.000000</float_array>
        <technique_common>
          <accessor source="#mixamorig_Head-Matrix-animation-output-transform-array" count="19" stride="16">
            <param type="float4x4"/>
          </accessor>
        </technique_common>
      </source>
      <source id="mixamorig_Head-Interpolations">
        <Name_array id="mixamorig_Head-Interpolations-array" count="19">
 LINEAR LINEAR LINEAR LINEAR LINEAR LINEAR LINEAR LINEAR LINEAR LINEAR LINEAR
LINEAR LINEAR LINEAR LINEAR LINEAR LINEAR LINEAR LINEAR</Name_array>
        <technique_common>
          <accessor source="#mixamorig_Head-Interpolations-array" count="19">
            <param type="name"/>
          </accessor>
        </technique_common>
      </source>
      <sampler id="mixamorig_Head-Matrix-animation-transform">
        <input semantic="INPUT" source="#mixamorig_Head-Matrix-animation-input"/>
        <input semantic="OUTPUT" source="#mixamorig_Head-Matrix-animation-output-transform"/>
        <input semantic="INTERPOLATION" source="#mixamorig_Head-Interpolations"/>
      </sampler>
      <channel source="#mixamorig_Head-Matrix-animation-transform" target="mixamorig_Head/matrix"/>
    </animation>
    <animation id="mixamorig_LeftShoulder-anim" name="mixamorig_LeftShoulder">
      <source id="mixamorig_LeftShoulder-Matrix-animation-input">
        <float_array id="mixamorig_LeftShoulder-Matrix-animation-input-array" count="19">

0.000000 0.033333 0.066667 0.100000 0.133333 0.166667 0.200000 0.233333 0.266667 0.300000 0.333333 0.366667 0.400000 0.433333 0.466667 0.500000
0.533333 0.566667 0.600000</float_array>
        <technique_common>
          <accessor source="#mixamorig_LeftShoulder-Matrix-animation-input-array" count="19">
            <param name="TIME" type="float"/>
          </accessor>
        </technique_common>
      </source>
      <source id="mixamorig_LeftShoulder-Matrix-animation-output-transform">
        <float_array id="mixamorig_LeftShoulder-Matrix-animation-output-transform-array" count="304">

0.383311 0.922296 -0.049417 5.726600 0.021813 -0.062528 -0.997805 12.367500 -0.923362 0.381392 -0.044086 -0.179600 0.000000 0.000000 0.000000 1.000000
0.375849 0.926303 -0.026472 5.726600 0.027416 -0.039669 -0.998837 12.367500 -0.926275 0.374686 -0.040305 -0.179600 0.000000 0.000000 0.000000 1.000000
0.361833 0.932013 -0.020693 5.726600 0.028486 -0.033240 -0.999041 12.367500 -0.931807 0.360897 -0.038577 -0.179600 0.000000 0.000000 0.000000 1.000000
0.375597 0.925986 -0.038434 5.726600 0.024454 -0.051358 -0.998381 12.367500 -0.926460 0.374049 -0.041934 -0.179600 0.000000 0.000000 0.000000 1.000000
0.382410 0.922553 -0.051563 5.726600 0.021267 -0.064577 -0.997686 12.367500 -0.923748 0.380428 -0.044315 -0.179600 0.000000 0.000000 0.000000 1.000000
0.382772 0.922450 -0.050723 5.726600 0.021480 -0.063776 -0.997733 12.367500 -0.923593 0.380814 -0.044226 -0.179600 0.000000 0.000000 0.000000 1.000000
0.386275 0.921423 -0.042074 5.726600 0.023692 -0.055511 -0.998177 12.367500 -0.922079 0.384574 -0.043273 -0.179600 0.000000 0.000000 0.000000 1.000000
0.388372 0.920782 -0.036452 5.726600 0.025145 -0.050131 -0.998426 12.367500 -0.921160 0.386844 -0.042622 -0.179600 0.000000 0.000000 0.000000 1.000000
0.388835 0.920638 -0.035126 5.726600 0.025488 -0.048861 -0.998480 12.367500 -0.920955 0.387348 -0.042464 -0.179600 0.000000 0.000000 0.000000 1.000000
0.392055 0.919588 -0.025514 5.726600 0.027997 -0.039648 -0.998821 12.367500 -0.919516 0.390879 -0.041290 -0.179600 0.000000 0.000000 0.000000 1.000000
0.362917 0.931816 -0.003049 5.726600 0.032699 -0.016005 -0.999337 12.367500 -0.931247 0.362577 -0.036278 -0.179600 0.000000 0.000000 0.000000 1.000000
0.360312 0.932831 0.001016 5.726600 0.033565 -0.011876 -0.999366 12.367500 -0.932228 0.360117 -0.035590 -0.179600 0.000000 0.000000 0.000000 1.000000
0.390876 0.919988 -0.028941 5.726600 0.027098 -0.042930 -0.998711 12.367500 -0.920044 0.389588 -0.041710 -0.179600 0.000000 0.000000 0.000000 1.000000
0.376382 0.924177 -0.065063 5.726600 0.017881 -0.077460 -0.996835 12.367500 -0.926292 0.374027 -0.045679 -0.179600 0.000000 0.000000 0.000000 1.000000
0.366529 0.926610 -0.083970 5.726600 0.013288 -0.095455 -0.995345 12.367500 -0.930312 0.363707 -0.047300 -0.179600 0.000000 0.000000 0.000000 1.000000
0.366364 0.926642 -0.084332 5.726600 0.013202 -0.095801 -0.995313 12.367500 -0.930378 0.363534 -0.047332 -0.179600 0.000000 0.000000 0.000000 1.000000
0.372017 0.925274 -0.073974 5.726600 0.015692 -0.085951 -0.996176 12.367500 -0.928093 0.369434 -0.046495 -0.179600 0.000000 0.000000 0.000000 1.000000
0.379084 0.923458 -0.059339 5.726600 0.019308 -0.072004 -0.997217 12.367500 -0.925161 0.376883 -0.045125 -0.179600 0.000000 0.000000 0.000000 1.000000
0.383311 0.922296 -0.049418 5.726600 0.021813 -0.062529 -0.997805 12.367500 -0.923362 0.381391 -0.044086 -0.179600 0.000000 0.000000 0.000000 1.000000</float_array>
        <technique_common>
          <accessor source="#mixamorig_LeftShoulder-Matrix-animation-output-transform-array" count="19" stride="16">
            <param type="float4x4"/>
          </accessor>
        </technique_common>
      </source>
      <source id="mixamorig_LeftShoulder-Interpolations">
        <Name_array id="mixamorig_LeftShoulder-Interpolations-array" count="19">
 LINEAR LINEAR LINEAR LINEAR LINEAR LINEAR LINEAR LINEAR LINEAR LINEAR LINEAR
LINEAR LINEAR LINEAR LINEAR LINEAR LINEAR LINEAR LINEAR</Name_array>
        <technique_common>
          <accessor source="#mixamorig_LeftShoulder-Interpolations-array" count="19">
            <param type="name"/>
          </accessor>
        </technique_common>
      </source>
      <sampler id="mixamorig_LeftShoulder-Matrix-animation-transform">
        <input semantic="INPUT" source="#mixamorig_LeftShoulder-Matrix-animation-input"/>
        <input semantic="OUTPUT" source="#mixamorig_LeftShoulder-Matrix-animation-output-transform"/>
        <input semantic="INTERPOLATION" source="#mixamorig_LeftShoulder-Interpolations"/>
      </sampler>
      <channel source="#mixamorig_LeftShoulder-Matrix-animation-transform" target="mixamorig_LeftShoulder/matrix"/>
    </animation>
    <animation id="mixamorig_LeftArm-anim" name="mixamorig_LeftArm">
      <source id="mixamorig_LeftArm-Matrix-animation-input">
        <float_array id="mixamorig_LeftArm-Matrix-animation-input-array" count="19">

0.000000 0.033333 0.066667 0.100000 0.133333 0.166667 0.200000 0.233333 0.266667 0.300000 0.333333 0.366667 0.400000 0.433333 0.466667 0.500000
0.533333 0.566667 0.600000</float_array>
        <technique_common>
          <accessor source="#mixamorig_LeftArm-Matrix-animation-input-array" count="19">
            <param name="TIME" type="float"/>
          </accessor>
        </technique_common>
      </source>
      <source id="mixamorig_LeftArm-Matrix-animation-output-transform">
        <float_array id="mixamorig_LeftArm-Matrix-animation-output-transform-array" count="304">

0.343160 -0.938468 0.038979 0.000000 0.730985 0.240772 -0.638506 12.349600 0.589832 0.247603 0.768629 0.000000 0.000000 0.000000 0.000000 1.000000
0.282024 -0.958606 -0.039202 0.000000 0.761440 0.248502 -0.598711 12.349600 0.583670 0.139001 0.800005 0.000000 0.000000 0.000000 0.000000 1.000000
0.175274 -0.982934 -0.055853 0.000000 0.778483 0.173100 -0.603325 12.349600 0.602697 0.062267 0.795537 0.000000 0.000000 0.000000 0.000000 1.000000
0.093305 -0.995296 -0.026081 0.000000 0.771362 0.088825 -0.630168 12.349600 0.629520 0.038680 0.776021 0.000000 0.000000 0.000000 0.000000 1.000000
0.055226 -0.998006 0.030559 -0.000000 0.765911 0.022708 -0.642546 12.349600 0.640570 0.058891 0.765638 0.000000 0.000000 0.000000 0.000000 1.000000
0.062820 -0.995168 0.075464 0.000000 0.797388 0.004575 -0.603450 12.349600 0.600188 0.098083 0.793822 0.000000 0.000000 0.000000 0.000000 1.000000
0.094538 -0.990455 0.100303 0.000000 0.828448 0.022402 -0.559617 12.349600 0.552029 0.136001 0.822659 -0.000000 0.000000 0.000000 0.000000 1.000000
0.132613 -0.986896 0.091929 0.000000 0.816234 0.056120 -0.574989 12.349600 0.562295 0.151287 0.812980 0.000000 0.000000 0.000000 0.000000 1.000000
0.184712 -0.980540 0.066509 0.000000 0.777326 0.104351 -0.620383 12.349600 0.601370 0.166291 0.781474 0.000000 0.000000 0.000000 0.000000 1.000000
0.250222 -0.967148 0.044871 0.000000 0.760085 0.167521 -0.627860 12.349600 0.599717 0.191210 0.777032 -0.000000 0.000000 0.000000 0.000000 1.000000
0.294228 -0.953151 0.070230 0.000000 0.777749 0.196080 -0.597209 12.349600 0.555460 0.230337 0.799005 0.000000 0.000000 0.000000 0.000000 1.000000
0.358265 -0.928973 0.093029 -0.000000 0.792951 0.250173 -0.555556 12.349600 0.492824 0.272804 0.826258 0.000000 0.000000 0.000000 0.000000 1.000000
0.430723 -0.896644 0.102503 0.000000 0.766544 0.303530 -0.565933 12.349600 0.476328 0.322333 0.818055 0.000000 0.000000 0.000000 0.000000 1.000000
0.436330 -0.887446 0.148511 0.000000 0.743998 0.263010 -0.614241 12.349600 0.506046 0.378504 0.775018 -0.000000 0.000000 0.000000 0.000000 1.000000
0.431993 -0.894466 0.115381 -0.000000 0.688363 0.244354 -0.682970 12.349600 0.582699 0.374462 0.721277 0.000000 0.000000 0.000000 0.000000 1.000000
0.429874 -0.897687 0.096781 0.000000 0.668087 0.244146 -0.702889 12.349600 0.607346 0.366811 0.704685 0.000000 0.000000 0.000000 0.000000 1.000000
0.440647 -0.894966 0.069751 0.000000 0.678417 0.281126 -0.678762 12.349600 0.587861 0.346415 0.731038 0.000000 0.000000 0.000000 0.000000 1.000000
0.423422 -0.904841 0.044454 0.000000 0.696364 0.293693 -0.654845 12.349600 0.579475 0.308232 0.754455 0.000000 0.000000 0.000000 0.000000 1.000000
0.343148 -0.938472 0.038986 0.000000 0.730991 0.240759 -0.638504 12.349600 0.589832 0.247600 0.768630 0.000000 0.000000 0.000000 0.000000 1.000000</float_array>
        <technique_common>
          <accessor source="#mixamorig_LeftArm-Matrix-animation-output-transform-array" count="19" stride="16">
            <param type="float4x4"/>
          </accessor>
        </technique_common>
      </source>
      <source id="mixamorig_LeftArm-Interpolations">
        <Name_array id="mixamorig_LeftArm-Interpolations-array" count="19">
 LINEAR LINEAR LINEAR LINEAR LINEAR LINEAR LINEAR LINEAR LINEAR LINEAR LINEAR
LINEAR LINEAR LINEAR LINEAR LINEAR LINEAR LINEAR LINEAR</Name_array>
        <technique_common>
          <accessor source="#mixamorig_LeftArm-Interpolations-array" count="19">
            <param type="name"/>
          </accessor>
        </technique_common>
      </source>
      <sampler id="mixamorig_LeftArm-Matrix-animation-transform">
        <input semantic="INPUT" source="#mixamorig_LeftArm-Matrix-animation-input"/>
        <input semantic="OUTPUT" source="#mixamorig_LeftArm-Matrix-animation-output-transform"/>
        <input semantic="INTERPOLATION" source="#mixamorig_LeftArm-Interpolations"/>
      </sampler>
      <channel source="#mixamorig_LeftArm-Matrix-animation-transform" target="mixamorig_LeftArm/matrix"/>
    </animation>
    <animation id="mixamorig_LeftForeArm-anim" name="mixamorig_LeftForeArm">
      <source id="mixamorig_LeftForeArm-Matrix-animation-input">
        <float_array id="mixamorig_LeftForeArm-Matrix-animation-input-array" count="19">

0.000000 0.033333 0.066667 0.100000 0.133333 0.166667 0.200000 0.233333 0.266667 0.300000 0.333333 0.366667 0.400000 0.433333 0.466667 0.500000
0.533333 0.566667 0.600000</float_array>
        <technique_common>
          <accessor source="#mixamorig_LeftForeArm-Matrix-animation-input-array" count="19">
            <param name="TIME" type="float"/>
          </accessor>
        </technique_common>
      </source>
      <source id="mixamorig_LeftForeArm-Matrix-animation-output-transform">
        <float_array id="mixamorig_LeftForeArm-Matrix-animation-output-transform-array" count="304">

