<?xml version="1.0" encoding="utf-8"?>
<COLLADA xmlns="http://www.collada.org/2005/11/COLLADASchema" version="1.4.1">
  <asset>
    <contributor>
      <author>Mixamo</author>
      <authoring_tool>COLLADA Mixamo exporter</authoring_tool>
      <comments/>
    </contributor>
    <created>2025-12-24T08:03:51Z</created>
    <modified>2025-12-24T08:03:51Z</modified>
    <revision/>
    <title/>
    <unit meter="0.010000"/>
    <up_axis>Y_UP</up_axis>
  </asset>
  <library_animations>
    <animation id="mixamorig_Hips-anim" name="mixamorig_Hips">
      <source id="mixamorig_Hips-Matrix-animation-input">
        <float_array id="mixamorig_Hips-Matrix-animation-input-array" count="64">

0.000000 0.033333 0.066667 0.100000 0.133333 0.166667 0.200000 0.233333 0.266667 0.300000 0.333333 0.366667 0.400000 0.433333 0.466667 0.500000
0.533333 0.566667 0.600000 0.633333 0.666667 0.700000 0.733333 0.766667 0.800000 0.833333 0.866667 0.900000 0.933333 0.966667 1.000000 1.033333
1.066667 1.100000 1.133333 1.166667 1.200000 1.233333 1.266667 1.300000 1.333333 1.366667 1.400000 1.433333 1.466667 1.500000 1.533333 1.566667
1.600000 1.633333 1.666667 1.700000 1.733333 1.766667 1.800000 1.833333 1.866667 1.900000 1.933333 1.966667 2.000000 2.033333 2.066667 2.100000</float_array>
        <technique_common>
          <accessor source="#mixamorig_Hips-Matrix-animation-input-array" count="64">
            <param name="TIME" type="float"/>
          </accessor>
        </technique_common>
      </source>
      <source id="mixamorig_Hips-Matrix-animation-output-transform">
        <float_array id="mixamorig_Hips-Matrix-animation-output-transform-array" count="1024">

0.589322 -0.016959 -0.807720 -7.045068 0.028878 0.999583 0.000082 94.948120 0.807382 -0.023374 0.589566 23.516439 0.000000 0.000000 0.000000 1.000000
0.671808 -0.011701 -0.740633 -7.598741 0.032417 0.999382 0.013615 95.570938 0.740016 -0.033156 0.671772 26.632092 0.000000 0.000000 0.000000 1.000000
0.736036 -0.005652 -0.676918 -7.943919 0.026803 0.999424 0.020798 96.353394 0.676411 -0.033451 0.735764 30.298496 0.000000 0.000000 0.000000 1.000000
0.768935 0.001862 -0.639325 -8.061502 0.017633 0.999554 0.024119 96.779297 0.639084 -0.029819 0.768559 34.298447 0.000000 0.000000 0.000000 1.000000
0.793295 0.007404 -0.608793 -8.154505 0.010764 0.999599 0.026183 96.844803 0.608743 -0.027324 0.792897 38.445717 0.000000 0.000000 0.000000 1.000000
0.814242 0.011740 -0.580407 -8.264227 0.004859 0.999623 0.027035 97.029686 0.580505 -0.024833 0.813878 42.578930 0.000000 0.000000 0.000000 1.000000
0.822184 0.018623 -0.568917 -8.240077 -0.003980 0.999628 0.026969 97.598358 0.569207 -0.019909 0.821953 46.549023 0.000000 0.000000 0.000000 1.000000
0.825027 0.029279 -0.564334 -8.157506 -0.019216 0.999533 0.023765 98.248909 0.564766 -0.008762 0.825204 50.231686 0.000000 0.000000 0.000000 1.000000
0.830211 0.040871 -0.555949 -8.092970 -0.036723 0.999152 0.018615 98.698502 0.556238 0.004962 0.831008 53.698986 0.000000 0.000000 0.000000 1.000000
0.844621 0.053835 -0.532652 -8.061630 -0.052850 0.998456 0.017109 98.987511 0.532750 0.013701 0.846161 57.124817 0.000000 0.000000 0.000000 1.000000
0.864816 0.066317 -0.497691 -8.122036 -0.068256 0.997565 0.014319 99.098053 0.497429 0.021587 0.867236 60.511604 0.000000 0.000000 0.000000 1.000000
0.888249 0.079193 -0.452485 -8.331406 -0.084670 0.996376 0.008173 98.965019 0.451492 0.031052 0.891735 63.871525 0.000000 0.000000 0.000000 1.000000
0.911295 0.089082 -0.402003 -8.669533 -0.096718 0.995311 0.001307 98.701485 0.400235 0.037690 0.915637 67.160713 0.000000 0.000000 0.000000 1.000000
0.934232 0.092956 -0.344339 -9.138130 -0.101129 0.994856 -0.005810 98.173065 0.342028 0.040251 0.938827 70.369431 0.000000 0.000000 0.000000 1.000000
0.956474 0.095981 -0.275582 -9.668262 -0.104012 0.994468 -0.014642 97.343460 0.272652 0.042668 0.961166 73.509285 0.000000 0.000000 0.000000 1.000000
0.976132 0.099737 -0.192922 -10.283462 -0.106514 0.993995 -0.025056 96.272202 0.189264 0.045007 0.980894 76.558792 0.000000 0.000000 0.000000 1.000000
0.990174 0.106180 -0.091007 -11.024211 -0.109878 0.993270 -0.036632 94.988014 0.086505 0.046271 0.995176 79.539177 0.000000 0.000000 0.000000 1.000000
0.992973 0.113599 0.033158 -11.936600 -0.111829 0.992413 -0.051089 93.517479 -0.038710 0.047022 0.998144 82.452980 0.000000 0.000000 0.000000 1.000000
0.975833 0.116967 0.184578 -13.076339 -0.105875 0.991991 -0.068880 91.731834 -0.191157 0.047673 0.980401 85.261177 0.000000 0.000000 0.000000 1.000000
0.934267 0.120058 0.335754 -14.503654 -0.096335 0.991583 -0.086506 89.653198 -0.343313 0.048475 0.937969 87.992844 0.000000 0.000000 0.000000 1.000000
0.874829 0.123630 0.468391 -16.425386 -0.085611 0.991124 -0.101705 87.275764 -0.476807 0.048875 0.877648 90.677872 0.000000 0.000000 0.000000 1.000000
0.810614 0.124147 0.572269 -18.596457 -0.071159 0.990910 -0.114170 85.385574 -0.581241 0.051826 0.812080 92.970703 0.000000 0.000000 0.000000 1.000000
0.776164 0.126020 0.617809 -20.598675 -0.064987 0.990594 -0.120417 84.023819 -0.627173 0.053314 0.777054 94.607262 0.000000 0.000000 0.000000 1.000000
0.747883 0.125129 0.651931 -22.013514 -0.058979 0.990715 -0.122495 83.940933 -0.661206 0.053161 0.748319 95.948097 0.000000 0.000000 0.000000 1.000000
0.692258 0.121767 0.711302 -23.240545 -0.044134 0.990960 -0.126689 84.162354 -0.720299 0.056309 0.691375 97.079544 0.000000 0.000000 0.000000 1.000000
0.624558 0.117921 0.772025 -24.012081 -0.029816 0.991415 -0.127310 85.031494 -0.780409 0.056494 0.622712 97.991623 0.000000 0.000000 0.000000 1.000000
0.574625 0.105815 0.811547 -24.352858 -0.014908 0.992795 -0.118891 86.284439 -0.818281 0.056219 0.572063 98.715225 0.000000 0.000000 0.000000 1.000000
0.548233 0.088661 0.831612 -24.286663 -0.000212 0.994379 -0.105875 87.649567 -0.836325 0.057868 0.545171 99.305779 0.000000 0.000000 0.000000 1.000000
0.522745 0.073941 0.849276 -23.881836 0.014536 0.995313 -0.095603 88.940811 -0.852365 0.062321 0.519221 99.839165 0.000000 0.000000 0.000000 1.000000
0.466201 0.063998 0.882361 -23.119593 0.030102 0.995655 -0.088120 90.475616 -0.884166 0.067643 0.462249 100.375862 0.000000 0.000000 0.000000 1.000000
0.392430 0.052368 0.918290 -22.039927 0.042688 0.996265 -0.075057 91.942818 -0.918791 0.068655 0.388729 100.918724 0.000000 0.000000 0.000000 1.000000
0.343400 0.044035 0.938156 -21.043472 0.039611 0.997332 -0.061311 92.689896 -0.938354 0.058216 0.340740 101.441124 0.000000 0.000000 0.000000 1.000000
0.310991 0.046504 0.949274 -20.109180 0.032051 0.997721 -0.059378 92.935669 -0.949872 0.048891 0.308792 101.736382 0.000000 0.000000 0.000000 1.000000
0.282221 0.052141 0.957932 -19.062721 0.021665 0.997921 -0.060701 93.086739 -0.959105 0.037885 0.280504 101.993782 0.000000 0.000000 0.000000 1.000000
0.249478 0.060517 0.966488 -17.985498 0.010748 0.997811 -0.065253 93.399315 -0.968321 0.026667 0.248281 102.378159 0.000000 0.000000 0.000000 1.000000
0.212497 0.071721 0.974526 -16.926981 0.001066 0.997285 -0.073629 93.745941 -0.977161 0.016685 0.211843 102.981514 0.000000 0.000000 0.000000 1.000000
0.173979 0.084296 0.981135 -15.789000 -0.006572 0.996407 -0.084443 94.175659 -0.984727 0.008243 0.173908 103.833870 0.000000 0.000000 0.000000 1.000000
0.139935 0.096406 0.985456 -14.685608 -0.011227 0.995339 -0.095779 94.716370 -0.990097 0.002339 0.140365 104.842896 0.000000 0.000000 0.000000 1.000000
0.106520 0.108193 0.988407 -13.524516 -0.012222 0.994130 -0.107502 95.234001 -0.994235 -0.000629 0.107217 105.849747 0.000000 0.000000 0.000000 1.000000
0.073720 0.118991 0.990155 -12.396049 -0.011303 0.992892 -0.118478 95.588905 -0.997215 -0.002458 0.074541 106.784752 0.000000 0.000000 0.000000 1.000000
0.046848 0.130902 0.990288 -11.562412 -0.006361 0.991395 -0.130748 95.900345 -0.998882 -0.000174 0.047278 107.682953 0.000000 0.000000 0.000000 1.000000
0.024368 0.141324 0.989663 -10.981305 0.010986 0.989860 -0.141623 96.135445 -0.999643 0.014323 0.022568 108.780952 0.000000 0.000000 0.000000 1.000000
0.014641 0.149992 0.988579 -10.638267 0.030309 0.988164 -0.150378 96.142578 -0.999433 0.032164 0.009921 109.960014 0.000000 0.000000 0.000000 1.000000
0.014150 0.157221 0.987462 -10.568769 0.050770 0.986174 -0.157744 95.926392 -0.998610 0.052365 0.005972 111.209717 0.000000 0.000000 0.000000 1.000000
0.035194 0.161733 0.986207 -10.776589 0.069317 0.984046 -0.163853 95.448166 -0.996974 0.074128 0.023422 112.644218 0.000000 0.000000 0.000000 1.000000
0.091356 0.153812 0.983868 -11.094275 0.080967 0.983581 -0.161286 94.639618 -0.992521 0.094395 0.077402 114.240997 0.000000 0.000000 0.000000 1.000000
0.197790 0.138059 0.970474 -11.431071 0.087061 0.983646 -0.157676 93.512947 -0.976371 0.115677 0.182536 115.880890 0.000000 0.000000 0.000000 1.000000
0.352173 0.106310 0.929878 -11.731163 0.088291 0.985324 -0.146088 92.153557 -0.931761 0.133548 0.337618 117.762344 0.000000 0.000000 0.000000 1.000000
0.546567 0.063890 0.834975 -11.811516 0.083451 0.987967 -0.130223 90.858208 -0.833247 0.140855 0.534658 120.085411 0.000000 0.000000 0.000000 1.000000
0.734523 0.025221 0.678115 -11.731684 0.081323 0.988835 -0.124864 89.829216 -0.673693 0.146862 0.724272 122.438126 0.000000 0.000000 0.000000 1.000000
0.864193 -0.004550 0.503140 -11.485370 0.076773 0.989443 -0.122918 88.770554 -0.497269 0.144852 0.855419 124.711433 0.000000 0.000000 0.000000 1.000000
0.937708 -0.032528 0.345898 -11.154200 0.071544 0.992348 -0.100629 88.188301 -0.339978 0.119108 0.932860 127.041786 0.000000 0.000000 0.000000 1.000000
0.976987 -0.064470 0.203321 -10.583997 0.082370 0.993318 -0.080834 88.115562 -0.196751 0.095721 0.975770 129.007584 0.000000 0.000000 0.000000 1.000000
0.993380 -0.088725 0.072965 -9.679598 0.094067 0.992859 -0.073366 88.489769 -0.065935 0.079744 0.994632 130.990616 0.000000 0.000000 0.000000 1.000000
0.992706 -0.111703 -0.045366 -8.669895 0.108535 0.991821 -0.067159 89.072540 0.052497 0.061746 0.996710 133.033615 0.000000 0.000000 0.000000 1.000000
0.976317 -0.140709 -0.164334 -7.671195 0.131023 0.989016 -0.068413 89.761734 0.172156 0.045262 0.984029 135.366028 0.000000 0.000000 0.000000 1.000000
0.954351 -0.160553 -0.251865 -6.698070 0.151172 0.986903 -0.056300 90.589355 0.257605 0.015655 0.966123 138.499435 0.000000 0.000000 0.000000 1.000000
0.942384 -0.148117 -0.299955 -5.593192 0.148873 0.988645 -0.020469 91.418365 0.299581 -0.025365 0.953734 142.575806 0.000000 0.000000 0.000000 1.000000
0.931042 -0.104346 -0.349675 -4.489223 0.122683 0.991973 0.030641 91.787590 0.343671 -0.071427 0.936370 146.969131 0.000000 0.000000 0.000000 1.000000
0.908934 -0.061807 -0.412333 -2.883905 0.100752 0.992203 0.073368 91.750320 0.404584 -0.108230 0.908074 151.945526 0.000000 0.000000 0.000000 1.000000
0.879948 -0.012292 -0.474912 -1.326426 0.066596 0.992986 0.097693 91.377975 0.470380 -0.117592 0.874594 157.449554 0.000000 0.000000 0.000000 1.000000
0.828203 0.027086 -0.559773 -0.214981 0.039806 0.993466 0.106966 90.904343 0.559013 -0.110872 0.821713 162.922913 0.000000 0.000000 0.000000 1.000000
0.745743 0.060618 -0.663470 0.680681 0.021921 0.993080 0.115372 90.289993 0.665873 -0.100581 0.739254 168.395828 0.000000 0.000000 0.000000 1.000000
0.674868 0.089939 -0.732437 1.446460 0.006271 0.991810 0.127566 90.914528 0.737912 -0.090683 0.668777 173.085281 0.000000 0.000000 0.000000 1.000000</float_array>
        <technique_common>
          <accessor source="#mixamorig_Hips-Matrix-animation-output-transform-array" count="64" stride="16">
            <param type="float4x4"/>
          </accessor>
        </technique_common>
      </source>
      <source id="mixamorig_Hips-Interpolations">
        <Name_array id="mixamorig_Hips-Interpolations-array" count="64">
 LINEAR LINEAR LINEAR LINEAR LINEAR LINEAR LINEAR LINEAR LINEAR LINEAR LINEAR
LINEAR LINEAR LINEAR LINEAR LINEAR LINEAR LINEAR LINEAR LINEAR LINEAR LINEAR LINEAR
LINEAR LINEAR LINEAR LINEAR LINEAR LINEAR LINEAR LINEAR LINEAR LINEAR LINEAR LINEAR
LINEAR LINEAR LINEAR LINEAR LINEAR LINEAR LINEAR LINEAR LINEAR LINEAR LINEAR LINEAR
LINEAR LINEAR LINEAR LINEAR LINEAR LINEAR LINEAR LINEAR LINEAR LINEAR LINEAR LINEAR
LINEAR LINEAR LINEAR LINEAR LINEAR</Name_array>
        <technique_common>
          <accessor source="#mixamorig_Hips-Interpolations-array" count="64">
            <param type="name"/>
          </accessor>
        </technique_common>
      </source>
      <sampler id="mixamorig_Hips-Matrix-animation-transform">
        <input semantic="INPUT" source="#mixamorig_Hips-Matrix-animation-input"/>
        <input semantic="OUTPUT" source="#mixamorig_Hips-Matrix-animation-output-transform"/>
        <input semantic="INTERPOLATION" source="#mixamorig_Hips-Interpolations"/>
      </sampler>
      <channel source="#mixamorig_Hips-Matrix-animation-transform" target="mixamorig_Hips/matrix"/>
    </animation>
    <animation id="mixamorig_Spine-anim" name="mixamorig_Spine">
      <source id="mixamorig_Spine-Matrix-animation-input">
        <float_array id="mixamorig_Spine-Matrix-animation-input-array" count="64">

0.000000 0.033333 0.066667 0.100000 0.133333 0.166667 0.200000 0.233333 0.266667 0.300000 0.333333 0.366667 0.400000 0.433333 0.466667 0.500000
0.533333 0.566667 0.600000 0.633333 0.666667 0.700000 0.733333 0.766667 0.800000 0.833333 0.866667 0.900000 0.933333 0.966667 1.000000 1.033333
1.066667 1.100000 1.133333 1.166667 1.200000 1.233333 1.266667 1.300000 1.333333 1.366667 1.400000 1.433333 1.466667 1.500000 1.533333 1.566667
1.600000 1.633333 1.666667 1.700000 1.733333 1.766667 1.800000 1.833333 1.866667 1.900000 1.933333 1.966667 2.000000 2.033333 2.066667 2.100000</float_array>
        <technique_common>
          <accessor source="#mixamorig_Spine-Matrix-animation-input-array" count="64">
            <param name="TIME" type="float"/>
          </accessor>
        </technique_common>
      </source>
      <source id="mixamorig_Spine-Matrix-animation-output-transform">
        <float_array id="mixamorig_Spine-Matrix-animation-output-transform-array" count="1024">

0.997573 -0.036272 -0.059437 0.000000 0.039857 0.997386 0.060274 9.686900 0.057095 -0.062497 0.996411 -0.591100 0.000000 0.000000 0.000000 1.000000
0.997778 -0.033404 -0.057640 -0.000000 0.037079 0.997266 0.063915 9.686900 0.055347 -0.065910 0.996289 -0.591100 0.000000 0.000000 0.000000 1.000000
0.997916 -0.030273 -0.056980 0.000000 0.033994 0.997274 0.065498 9.686900 0.054842 -0.067298 0.996225 -0.591100 0.000000 0.000000 0.000000 1.000000
0.998152 -0.027078 -0.054405 0.000000 0.030592 0.997428 0.064825 9.686900 0.052510 -0.066370 0.996412 -0.591100 0.000000 0.000000 0.000000 1.000000
0.998315 -0.019664 -0.054588 -0.000000 0.023041 0.997815 0.061927 9.686900 0.053251 -0.063080 0.996587 -0.591100 0.000000 0.000000 0.000000 1.000000
0.998218 -0.010709 -0.058706 0.000000 0.014185 0.998150 0.059127 9.686900 0.057964 -0.059854 0.996523 -0.591100 0.000000 0.000000 0.000000 1.000000
0.998213 -0.003267 -0.059665 0.000000 0.006666 0.998360 0.056853 9.686900 0.059382 -0.057149 0.996598 -0.591100 0.000000 0.000000 0.000000 1.000000
0.998216 0.000733 -0.059709 0.000000 0.002537 0.998501 0.054669 9.686900 0.059659 -0.054723 0.996718 -0.591100 0.000000 0.000000 0.000000 1.000000
0.998193 0.003400 -0.060000 0.000000 -0.000270 0.998642 0.052095 9.686900 0.060095 -0.051985 0.996838 -0.591100 0.000000 0.000000 0.000000 1.000000
0.998124 0.005438 -0.060980 -0.000000 -0.002405 0.998761 0.049711 9.686900 0.061175 -0.049471 0.996900 -0.591100 0.000000 0.000000 0.000000 1.000000
0.998072 0.006102 -0.061770 0.000000 -0.003115 0.998826 0.048348 9.686900 0.061993 -0.048063 0.996919 -0.591100 0.000000 0.000000 0.000000 1.000000
0.998047 0.005888 -0.062182 0.000000 -0.002937 0.998870 0.047441 9.686900 0.062391 -0.047166 0.996937 -0.591100 0.000000 0.000000 0.000000 1.000000
0.998055 0.006303 -0.062027 0.000000 -0.003457 0.998941 0.045882 9.686900 0.062250 -0.045578 0.997019 -0.591100 0.000000 0.000000 0.000000 1.000000
0.998009 0.008478 -0.062505 0.000000 -0.005779 0.999048 0.043245 9.686900 0.062813 -0.042798 0.997107 -0.591100 0.000000 0.000000 0.000000 1.000000
0.997920 0.009020 -0.063824 -0.000000 -0.006525 0.999210 0.039200 9.686900 0.064127 -0.038702 0.997191 -0.591100 0.000000 0.000000 0.000000 1.000000
0.997796 0.008808 -0.065772 0.000000 -0.006593 0.999407 0.033811 9.686900 0.066031 -0.033303 0.997262 -0.591100 0.000000 0.000000 0.000000 1.000000
0.997591 0.007069 -0.069009 -0.000000 -0.005283 0.999647 0.026037 9.686900 0.069169 -0.025609 0.997276 -0.591100 0.000000 0.000000 0.000000 1.000000
0.997357 0.002425 -0.072610 0.000000 -0.001199 0.999856 0.016933 9.686900 0.072641 -0.016802 0.997217 -0.591100 0.000000 0.000000 0.000000 1.000000
0.997016 -0.003307 -0.077124 0.000000 0.003800 0.999973 0.006249 9.686900 0.077101 -0.006524 0.997002 -0.591100 0.000000 0.000000 0.000000 1.000000
0.996725 -0.011868 -0.079984 0.000000 0.011519 0.999922 -0.004817 9.686900 0.080035 0.003880 0.996784 -0.591100 0.000000 0.000000 0.000000 1.000000
0.996584 -0.021534 -0.079724 0.000000 0.020358 0.999672 -0.015537 9.686900 0.080033 0.013861 0.996696 -0.591100 0.000000 0.000000 0.000000 1.000000
0.996545 -0.025234 -0.079122 -0.000000 0.023578 0.999484 -0.021799 9.686900 0.079631 0.019858 0.996627 -0.591100 0.000000 0.000000 0.000000 1.000000
0.997042 -0.027391 -0.071811 0.000000 0.025213 0.999200 -0.031053 9.686900 0.072605 0.029150 0.996935 -0.591100 0.000000 0.000000 0.000000 1.000000
0.997647 -0.027875 -0.062639 0.000000 0.025605 0.998996 -0.036767 9.686900 0.063601 0.035076 0.997359 -0.591100 0.000000 0.000000 0.000000 1.000000
0.997740 -0.025909 -0.061991 0.000000 0.023648 0.999038 -0.036925 9.686900 0.062888 0.035376 0.997393 -0.591100 0.000000 0.000000 0.000000 1.000000
0.997880 -0.023093 -0.060845 -0.000000 0.020878 0.999105 -0.036787 9.686900 0.061640 0.035439 0.997469 -0.591100 0.000000 0.000000 0.000000 1.000000
0.998006 -0.020998 -0.059528 0.000000 0.018834 0.999150 -0.036674 9.686900 0.060248 0.035480 0.997553 -0.591100 0.000000 0.000000 0.000000 1.000000
0.998587 -0.015682 -0.050777 0.000000 0.013845 0.999244 -0.036338 9.686900 0.051309 0.035584 0.998049 -0.591100 0.000000 0.000000 0.000000 1.000000
0.999638 -0.009590 -0.025140 -0.000000 0.008681 0.999313 -0.036031 9.686900 0.025468 0.035799 0.999034 -0.591100 0.000000 0.000000 0.000000 1.000000
0.999994 -0.003348 0.001053 0.000000 0.003384 0.999348 -0.035951 9.686900 -0.000932 0.035955 0.999353 -0.591100 0.000000 0.000000 0.000000 1.000000
0.999799 0.002450 0.019904 -0.000000 -0.001722 0.999331 -0.036524 9.686900 -0.019980 0.036482 0.999135 -0.591100 0.000000 0.000000 0.000000 1.000000
0.999425 0.007518 0.033070 0.000000 -0.006408 0.999417 -0.033523 9.686900 -0.033303 0.033292 0.998891 -0.591100 0.000000 0.000000 0.000000 1.000000
0.998834 0.012660 0.046578 0.000000 -0.011544 0.999641 -0.024163 9.686900 -0.046867 0.023597 0.998622 -0.591100 0.000000 0.000000 0.000000 1.000000
0.997852 0.017476 0.063131 0.000000 -0.016695 0.999778 -0.012873 9.686900 -0.063342 0.011791 0.997922 -0.591100 0.000000 0.000000 0.000000 1.000000
0.996873 0.022016 0.075888 -0.000000 -0.022111 0.999755 0.000423 9.686900 -0.075860 -0.002099 0.997116 -0.591100 0.000000 0.000000 0.000000 1.000000
0.996083 0.024148 0.085061 0.000000 -0.025384 0.999587 0.013473 9.686900 -0.084700 -0.015580 0.996285 -0.591100 0.000000 0.000000 0.000000 1.000000
0.996017 0.024277 0.085790 0.000000 -0.026291 0.999403 0.022423 9.686900 -0.085195 -0.024590 0.996061 -0.591100 0.000000 0.000000 0.000000 1.000000
0.996033 0.025299 0.085310 0.000000 -0.027966 0.999152 0.030214 9.686900 -0.084473 -0.032479 0.995896 -0.591100 0.000000 0.000000 0.000000 1.000000
0.995778 0.026151 0.087986 0.000000 -0.029446 0.998905 0.036361 9.686900 -0.086938 -0.038798 0.995458 -0.591100 0.000000 0.000000 0.000000 1.000000
0.995417 0.024897 0.092336 0.000000 -0.028688 0.998789 0.039957 9.686900 -0.091229 -0.042423 0.994926 -0.591100 0.000000 0.000000 0.000000 1.000000
0.994774 0.024045 0.099232 0.000000 -0.028513 0.998631 0.043857 9.686900 -0.098042 -0.046457 0.994097 -0.591100 0.000000 0.000000 0.000000 1.000000
0.994331 0.025101 0.103328 -0.000000 -0.030158 0.998408 0.047667 9.686900 -0.101967 -0.050513 0.993504 -0.591100 0.000000 0.000000 0.000000 1.000000
0.993921 0.027406 0.106626 -0.000000 -0.032936 0.998183 0.050454 9.686900 -0.105050 -0.053660 0.993018 -0.591100 0.000000 0.000000 0.000000 1.000000
0.993651 0.028752 0.108774 0.000000 -0.034623 0.998022 0.052474 9.686900 -0.107050 -0.055907 0.992681 -0.591100 0.000000 0.000000 0.000000 1.000000
0.993599 0.030867 0.108661 0.000000 -0.036901 0.997861 0.053966 9.686900 -0.106763 -0.057630 0.992613 -0.591100 0.000000 0.000000 0.000000 1.000000
0.993820 0.030561 0.106711 0.000000 -0.036548 0.997839 0.054607 9.686900 -0.104812 -0.058170 0.992789 -0.591100 0.000000 0.000000 0.000000 1.000000
0.994223 0.030171 0.103010 0.000000 -0.035998 0.997827 0.055188 9.686900 -0.101121 -0.058577 0.993148 -0.591100 0.000000 0.000000 0.000000 1.000000
0.994869 0.028879 0.096960 0.000000 -0.034276 0.997927 0.054468 9.686900 -0.095186 -0.057512 0.993797 -0.591100 0.000000 0.000000 0.000000 1.000000
0.995724 0.028948 0.087721 0.000000 -0.033819 0.997937 0.054566 9.686900 -0.085960 -0.057300 0.994649 -0.591100 0.000000 0.000000 0.000000 1.000000
0.996418 0.029875 0.079114 0.000000 -0.034365 0.997839 0.056008 9.686900 -0.077270 -0.058526 0.995291 -0.591100 0.000000 0.000000 0.000000 1.000000
0.997417 0.029145 0.065650 0.000000 -0.032681 0.998036 0.053444 9.686900 -0.063963 -0.055452 0.996410 -0.591100 0.000000 0.000000 0.000000 1.000000
0.998283 0.027529 0.051712 0.000000 -0.029807 0.998595 0.043818 9.686900 -0.050433 -0.045284 0.997700 -0.591100 0.000000 0.000000 0.000000 1.000000
0.998753 0.025949 0.042648 0.000000 -0.027230 0.999187 0.029716 9.686900 -0.041842 -0.030841 0.998648 -0.591100 0.000000 0.000000 0.000000 1.000000
0.999145 0.024478 0.033303 -0.000000 -0.025088 0.999523 0.018003 9.686900 -0.032847 -0.018824 0.999283 -0.591100 0.000000 0.000000 0.000000 1.000000
0.999310 0.023623 0.028667 0.000000 -0.023881 0.999677 0.008698 9.686900 -0.028453 -0.009377 0.999551 -0.591100 0.000000 0.000000 0.000000 1.000000
0.999110 0.024345 0.034455 -0.000000 -0.024459 0.999697 0.002876 9.686900 -0.034375 -0.003717 0.999402 -0.591100 0.000000 0.000000 0.000000 1.000000
0.998743 0.026904 0.042300 0.000000 -0.026861 0.999638 -0.001593 9.686900 -0.042328 0.000454 0.999104 -0.591100 0.000000 0.000000 0.000000 1.000000
0.998831 0.023217 0.042395 0.000000 -0.023137 0.999729 -0.002383 9.686900 -0.042439 0.001399 0.999098 -0.591100 0.000000 0.000000 0.000000 1.000000
0.999218 0.012264 0.037602 0.000000 -0.012163 0.999922 -0.002924 9.686900 -0.037635 0.002465 0.999289 -0.591100 0.000000 0.000000 0.000000 1.000000
0.999677 -0.000839 0.025403 0.000000 0.000913 0.999995 -0.002893 9.686900 -0.025400 0.002915 0.999673 -0.591100 0.000000 0.000000 0.000000 1.000000
0.999877 -0.015459 -0.002749 0.000000 0.015456 0.999880 -0.001089 9.686900 0.002765 0.001047 0.999996 -0.591100 0.000000 0.000000 0.000000 1.000000
0.999287 -0.026464 -0.026934 0.000000 0.026603 0.999634 0.004819 9.686900 0.026797 -0.005532 0.999626 -0.591100 0.000000 0.000000 0.000000 1.000000
0.998732 -0.033764 -0.037348 -0.000000 0.034257 0.999333 0.012644 9.686900 0.036896 -0.013907 0.999222 -0.591100 0.000000 0.000000 0.000000 1.000000
0.998330 -0.038833 -0.042765 0.000000 0.039774 0.998980 0.021378 9.686900 0.041891 -0.023043 0.998856 -0.591100 0.000000 0.000000 0.000000 1.000000</float_array>
        <technique_common>
          <accessor source="#mixamorig_Spine-Matrix-animation-output-transform-array" count="64" stride="16">
            <param type="float4x4"/>
          </accessor>
        </technique_common>
      </source>
      <source id="mixamorig_Spine-Interpolations">
        <Name_array id="mixamorig_Spine-Interpolations-array" count="64">
 LINEAR LINEAR LINEAR LINEAR LINEAR LINEAR LINEAR LINEAR LINEAR LINEAR LINEAR
LINEAR LINEAR LINEAR LINEAR LINEAR LINEAR LINEAR LINEAR LINEAR LINEAR LINEAR LINEAR
LINEAR LINEAR LINEAR LINEAR LINEAR LINEAR LINEAR LINEAR LINEAR LINEAR LINEAR LINEAR
LINEAR LINEAR LINEAR LINEAR LINEAR LINEAR LINEAR LINEAR LINEAR LINEAR LINEAR LINEAR
LINEAR LINEAR LINEAR LINEAR LINEAR LINEAR LINEAR LINEAR LINEAR LINEAR LINEAR LINEAR
LINEAR LINEAR LINEAR LINEAR LINEAR</Name_array>
        <technique_common>
          <accessor source="#mixamorig_Spine-Interpolations-array" count="64">
            <param type="name"/>
          </accessor>
        </technique_common>
      </source>
      <sampler id="mixamorig_Spine-Matrix-animation-transform">
        <input semantic="INPUT" source="#mixamorig_Spine-Matrix-animation-input"/>
        <input semantic="OUTPUT" source="#mixamorig_Spine-Matrix-animation-output-transform"/>
        <input semantic="INTERPOLATION" source="#mixamorig_Spine-Interpolations"/>
      </sampler>
      <channel source="#mixamorig_Spine-Matrix-animation-transform" target="mixamorig_Spine/matrix"/>
    </animation>
    <animation id="mixamorig_Spine1-anim" name="mixamorig_Spine1">
      <source id="mixamorig_Spine1-Matrix-animation-input">
        <float_array id="mixamorig_Spine1-Matrix-animation-input-array" count="64">

0.000000 0.033333 0.066667 0.100000 0.133333 0.166667 0.200000 0.233333 0.266667 0.300000 0.333333 0.366667 0.400000 0.433333 0.466667 0.500000
0.533333 0.566667 0.600000 0.633333 0.666667 0.700000 0.733333 0.766667 0.800000 0.833333 0.866667 0.900000 0.933333 0.966667 1.000000 1.033333
1.066667 1.100000 1.133333 1.166667 1.200000 1.233333 1.266667 1.300000 1.333333 1.366667 1.400000 1.433333 1.466667 1.500000 1.533333 1.566667
1.600000 1.633333 1.666667 1.700000 1.733333 1.766667 1.800000 1.833333 1.866667 1.900000 1.933333 1.966667 2.000000 2.033333 2.066667 2.100000</float_array>
        <technique_common>
          <accessor source="#mixamorig_Spine1-Matrix-animation-input-array" count="64">
            <param name="TIME" type="float"/>
          </accessor>
        </technique_common>
      </source>
      <source id="mixamorig_Spine1-Matrix-animation-output-transform">
        <float_array id="mixamorig_Spine1-Matrix-animation-output-transform-array" count="1024">

0.990263 -0.070099 -0.120268 0.000000 0.070201 0.997527 -0.003396 11.322300 0.120208 -0.005080 0.992736 0.000000 0.000000 0.000000 0.000000 1.000000
0.991362 -0.060383 -0.116426 0.000000 0.061183 0.998121 0.003310 11.322300 0.116007 -0.010405 0.993194 0.000000 0.000000 0.000000 0.000000 1.000000
0.992184 -0.050010 -0.114326 0.000000 0.051097 0.998672 0.006594 11.322300 0.113845 -0.012384 0.993421 0.000000 0.000000 0.000000 0.000000 1.000000
0.993375 -0.040484 -0.107548 0.000000 0.041404 0.999122 0.006334 11.322300 0.107197 -0.010745 0.994180 0.000000 0.000000 0.000000 0.000000 1.000000
0.993856 -0.026240 -0.107529 0.000000 0.026606 0.999644 0.001977 11.322300 0.107438 -0.004826 0.994200 0.000000 0.000000 0.000000 0.000000 1.000000
0.993185 -0.011435 -0.115985 0.000000 0.011136 0.999933 -0.003222 11.322300 0.116014 0.001908 0.993246 0.000000 0.000000 0.000000 0.000000 1.000000
0.992976 0.001746 -0.118306 0.000000 -0.002638 0.999969 -0.007378 11.322300 0.118289 0.007638 0.992950 0.000000 0.000000 0.000000 0.000000 1.000000
0.992897 0.007448 -0.118744 0.000000 -0.008897 0.999892 -0.011676 11.322300 0.118644 0.012650 0.992856 0.000000 0.000000 0.000000 0.000000 1.000000
0.992777 0.010111 -0.119548 0.000000 -0.012212 0.999783 -0.016858 11.322300 0.119352 0.018197 0.992685 0.000000 0.000000 0.000000 0.000000 1.000000
0.992527 0.012431 -0.121392 0.000000 -0.015163 0.999651 -0.021612 11.322300 0.121081 0.023291 0.992369 0.000000 0.000000 0.000000 0.000000 1.000000
0.992360 0.012607 -0.122727 0.000000 -0.015713 0.999580 -0.024368 11.322300 0.122368 0.026110 0.992141 0.000000 0.000000 0.000000 0.000000 1.000000
0.992306 0.011961 -0.123232 0.000000 -0.015301 0.999540 -0.026199 11.322300 0.122862 0.027883 0.992032 0.000000 0.000000 0.000000 0.000000 1.000000
0.992343 0.014254 -0.122686 -0.000000 -0.017960 0.999413 -0.029157 11.322300 0.122199 0.031137 0.992017 0.000000 0.000000 0.000000 0.000000 1.000000
0.992164 0.019066 -0.123479 0.000000 -0.023453 0.999141 -0.034172 11.322300 0.122722 0.036800 0.991759 0.000000 0.000000 0.000000 0.000000 1.000000
0.991788 0.021660 -0.126048 0.000000 -0.027158 0.998746 -0.042062 11.322300 0.124978 0.045140 0.991132 -0.000000 0.000000 0.000000 0.000000 1.000000
0.991246 0.023400 -0.129934 0.000000 -0.030443 0.998157 -0.052487 11.322300 0.128467 0.055984 0.990132 0.000000 0.000000 0.000000 0.000000 1.000000
0.990454 0.020526 -0.136304 -0.000000 -0.029770 0.997367 -0.066126 11.322300 0.134588 0.069552 0.988458 0.000000 0.000000 0.000000 0.000000 1.000000
0.989625 0.011776 -0.143191 0.000000 -0.023707 0.996358 -0.081903 11.322300 0.141705 0.084448 0.986300 -0.000000 0.000000 0.000000 0.000000 1.000000
0.988367 0.002016 -0.152077 0.000000 -0.017620 0.994697 -0.101332 11.322300 0.151066 0.102832 0.983160 -0.000000 0.000000 0.000000 0.000000 1.000000
0.987383 -0.013630 -0.157765 0.000000 -0.005942 0.992397 -0.122931 11.322300 0.158241 0.122317 0.979795 0.000000 0.000000 0.000000 0.000000 1.000000
0.986988 -0.029178 -0.158127 0.000000 0.006158 0.989536 -0.144154 11.322300 0.160678 0.141305 0.976840 0.000000 0.000000 0.000000 0.000000 1.000000
0.987159 -0.032656 -0.156366 0.000000 0.007484 0.987261 -0.158934 11.322300 0.159564 0.155723 0.974828 0.000000 0.000000 0.000000 0.000000 1.000000
0.989214 -0.034667 -0.142318 0.000000 0.008873 0.983989 -0.178011 11.322300 0.146210 0.174828 0.973683 0.000000 0.000000 0.000000 0.000000 1.000000
0.991521 -0.034936 -0.125164 0.000000 0.011239 0.982628 -0.185245 11.322300 0.129462 0.182267 0.974689 0.000000 0.000000 0.000000 0.000000 1.000000
0.991745 -0.033721 -0.123712 -0.000000 0.010040 0.982261 -0.187249 11.322300 0.127832 0.184461 0.974491 0.000000 0.000000 0.000000 0.000000 1.000000
0.991928 -0.031177 -0.122913 0.000000 0.007428 0.981926 -0.189121 11.322300 0.126588 0.186681 0.974231 -0.000000 0.000000 0.000000 0.000000 1.000000
0.992243 -0.023780 -0.122017 0.000000 0.000096 0.981680 -0.190535 11.322300 0.124312 0.189045 0.974068 0.000000 0.000000 0.000000 0.000000 1.000000
0.994373 -0.014821 -0.104897 -0.000000 -0.005610 0.981409 -0.191844 11.322300 0.105790 0.191353 0.975804 0.000000 0.000000 0.000000 0.000000 1.000000
0.998617 -0.004312 -0.052404 -0.000000 -0.005908 0.981119 -0.193317 11.322300 0.052248 0.193359 0.979736 0.000000 0.000000 0.000000 0.000000 1.000000
0.999980 0.006237 0.001083 0.000000 -0.005908 0.980881 -0.194517 11.322300 -0.002276 0.194507 0.980899 0.000000 0.000000 0.000000 0.000000 1.000000
0.999136 0.016071 0.038316 0.000000 -0.008291 0.980738 -0.195151 11.322300 -0.040714 0.194665 0.980025 0.000000 0.000000 0.000000 0.000000 1.000000
0.997606 0.025420 0.064306 0.000000 -0.012878 0.982008 -0.188401 11.322300 -0.067938 0.187122 0.979984 0.000000 0.000000 0.000000 0.000000 1.000000
0.995996 0.035087 0.082230 0.000000 -0.020826 0.985522 -0.168262 11.322300 -0.086943 0.165876 0.982307 0.000000 0.000000 0.000000 0.000000 1.000000
0.993992 0.047162 0.098767 0.000000 -0.032421 0.988774 -0.145861 11.322300 -0.104537 0.141782 0.984363 0.000000 0.000000 0.000000 0.000000 1.000000
0.991308 0.059314 0.117436 0.000000 -0.044964 0.991599 -0.121285 11.322300 -0.123643 0.114950 0.985646 0.000000 0.000000 0.000000 0.000000 1.000000
0.988050 0.065442 0.139555 -0.000000 -0.051705 0.993655 -0.099884 11.322300 -0.145206 0.091474 0.985164 0.000000 0.000000 0.000000 0.000000 1.000000
0.986506 0.064693 0.150399 0.000000 -0.052104 0.994915 -0.086196 11.322300 -0.155211 0.077197 0.984861 0.000000 0.000000 0.000000 0.000000 1.000000
0.986329 0.061775 0.152771 -0.000000 -0.051284 0.996108 -0.071689 11.322300 -0.156605 0.062874 0.985658 0.000000 0.000000 0.000000 0.000000 1.000000
0.984730 0.058863 0.163833 0.000000 -0.049912 0.997055 -0.058229 11.322300 -0.166778 0.049163 0.984768 0.000000 0.000000 0.000000 0.000000 1.000000
0.981875 0.056774 0.180825 -0.000000 -0.049102 0.997705 -0.046626 11.322300 -0.183058 0.036902 0.982409 0.000000 0.000000 0.000000 0.000000 1.000000
0.978967 0.056109 0.196154 -0.000000 -0.049729 0.998066 -0.037307 11.322300 -0.197868 0.026768 0.979863 -0.000000 0.000000 0.000000 0.000000 1.000000
0.977291 0.056412 0.204256 0.000000 -0.051540 0.998247 -0.029101 11.322300 -0.205540 0.017913 0.978485 0.000000 0.000000 0.000000 0.000000 1.000000
0.975801 0.058457 0.210702 0.000000 -0.054727 0.998225 -0.023495 11.322300 -0.211701 0.011395 0.977268 0.000000 0.000000 0.000000 0.000000 1.000000
0.974891 0.058303 0.214916 0.000000 -0.055463 0.998276 -0.019227 11.322300 -0.215666 0.006824 0.976443 -0.000000 0.000000 0.000000 0.000000 1.000000
0.974885 0.059144 0.214710 0.000000 -0.057047 0.998244 -0.015954 11.322300 -0.215277 0.003305 0.976547 -0.000000 0.000000 0.000000 0.000000 1.000000
0.975929 0.055194 0.210988 0.000000 -0.053425 0.998473 -0.014079 11.322300 -0.211443 0.002468 0.977387 0.000000 0.000000 0.000000 0.000000 1.000000
0.977608 0.051456 0.204048 0.000000 -0.049979 0.998673 -0.012392 11.322300 -0.204415 0.001916 0.978882 0.000000 0.000000 0.000000 0.000000 1.000000
0.980129 0.046934 0.192727 0.000000 -0.045203 0.998888 -0.013370 11.322300 -0.193140 0.004393 0.981161 0.000000 0.000000 0.000000 0.000000 1.000000
0.983425 0.046253 0.175317 -0.000000 -0.044651 0.998917 -0.013074 11.322300 -0.175731 0.005029 0.984425 0.000000 0.000000 0.000000 0.000000 1.000000
0.986098 0.047403 0.159257 -0.000000 -0.046368 0.998872 -0.010210 11.322300 -0.159562 0.002684 0.987184 0.000000 0.000000 0.000000 0.000000 1.000000
0.990232 0.042818 0.132693 0.000000 -0.041201 0.999040 -0.014903 11.322300 -0.133203 0.009290 0.991045 0.000000 0.000000 0.000000 0.000000 1.000000
0.993869 0.037292 0.104090 0.000000 -0.033934 0.998851 -0.033845 11.322300 -0.105232 0.030105 0.993992 -0.000000 0.000000 0.000000 0.000000 1.000000
0.995439 0.039809 0.086693 0.000000 -0.034458 0.997458 -0.062372 11.322300 -0.088956 0.059100 0.994281 -0.000000 0.000000 0.000000 0.000000 1.000000
0.996711 0.044324 0.067838 0.000000 -0.038412 0.995545 -0.086110 11.322300 -0.071352 0.083221 0.993973 -0.000000 0.000000 0.000000 0.000000 1.000000
0.997255 0.046893 0.057307 0.000000 -0.040704 0.993663 -0.104769 11.322300 -0.061857 0.102149 0.992844 0.000000 0.000000 0.000000 0.000000 1.000000
0.996559 0.046975 0.068286 0.000000 -0.038811 0.992454 -0.116314 11.322300 -0.073234 0.113264 0.990862 0.000000 0.000000 0.000000 0.000000 1.000000
0.995297 0.046231 0.085121 0.000000 -0.035376 0.991540 -0.124887 11.322300 -0.090174 0.121289 0.988513 0.000000 0.000000 0.000000 0.000000 1.000000
0.995671 0.033362 0.086759 -0.000000 -0.022261 0.991793 -0.125897 11.322300 -0.090247 0.123421 0.988242 0.000000 0.000000 0.000000 0.000000 1.000000
0.996986 0.012412 0.076588 -0.000000 -0.002613 0.991933 -0.126739 11.322300 -0.077543 0.126157 0.988975 0.000000 0.000000 0.000000 0.000000 1.000000
0.998643 -0.009114 0.051269 0.000000 0.015564 0.991798 -0.126867 11.322300 -0.049692 0.127493 0.990594 0.000000 0.000000 0.000000 0.000000 1.000000
0.999503 -0.030954 -0.005991 -0.000000 0.029976 0.991864 -0.123726 11.322300 0.009772 0.123484 0.992298 0.000000 0.000000 0.000000 0.000000 1.000000
0.997335 -0.048620 -0.054388 0.000000 0.042424 0.993050 -0.109781 11.322300 0.059347 0.107181 0.992467 0.000000 0.000000 0.000000 0.000000 1.000000
0.995438 -0.059992 -0.074195 0.000000 0.053002 0.994269 -0.092839 11.322300 0.079339 0.088483 0.992913 -0.000000 0.000000 0.000000 0.000000 1.000000
0.994127 -0.067746 -0.084397 0.000000 0.061089 0.994993 -0.079103 11.322300 0.089333 0.073483 0.993287 0.000000 0.000000 0.000000 0.000000 1.000000</float_array>
        <technique_common>
          <accessor source="#mixamorig_Spine1-Matrix-animation-output-transform-array" count="64" stride="16">
            <param type="float4x4"/>
          </accessor>
        </technique_common>
      </source>
      <source id="mixamorig_Spine1-Interpolations">
        <Name_array id="mixamorig_Spine1-Interpolations-array" count="64">
 LINEAR LINEAR LINEAR LINEAR LINEAR LINEAR LINEAR LINEAR LINEAR LINEAR LINEAR
LINEAR LINEAR LINEAR LINEAR LINEAR LINEAR LINEAR LINEAR LINEAR LINEAR LINEAR LINEAR
LINEAR LINEAR LINEAR LINEAR LINEAR LINEAR LINEAR LINEAR LINEAR LINEAR LINEAR LINEAR
LINEAR LINEAR LINEAR LINEAR LINEAR LINEAR LINEAR LINEAR LINEAR LINEAR LINEAR LINEAR
LINEAR LINEAR LINEAR LINEAR LINEAR LINEAR LINEAR LINEAR LINEAR LINEAR LINEAR LINEAR
LINEAR LINEAR LINEAR LINEAR LINEAR</Name_array>
        <technique_common>
          <accessor source="#mixamorig_Spine1-Interpolations-array" count="64">
            <param type="name"/>
          </accessor>
        </technique_common>
      </source>
      <sampler id="mixamorig_Spine1-Matrix-animation-transform">
        <input semantic="INPUT" source="#mixamorig_Spine1-Matrix-animation-input"/>
        <input semantic="OUTPUT" source="#mixamorig_Spine1-Matrix-animation-output-transform"/>
        <input semantic="INTERPOLATION" source="#mixamorig_Spine1-Interpolations"/>
      </sampler>
      <channel source="#mixamorig_Spine1-Matrix-animation-transform" target="mixamorig_Spine1/matrix"/>
    </animation>
    <animation id="mixamorig_Spine2-anim" name="mixamorig_Spine2">
      <source id="mixamorig_Spine2-Matrix-animation-input">
        <float_array id="mixamorig_Spine2-Matrix-animation-input-array" count="64">

0.000000 0.033333 0.066667 0.100000 0.133333 0.166667 0.200000 0.233333 0.266667 0.300000 0.333333 0.366667 0.400000 0.433333 0.466667 0.500000
0.533333 0.566667 0.600000 0.633333 0.666667 0.700000 0.733333 0.766667 0.800000 0.833333 0.866667 0.900000 0.933333 0.966667 1.000000 1.033333
1.066667 1.100000 1.133333 1.166667 1.200000 1.233333 1.266667 1.300000 1.333333 1.366667 1.400000 1.433333 1.466667 1.500000 1.533333 1.566667
1.600000 1.633333 1.666667 1.700000 1.733333 1.766667 1.800000 1.833333 1.866667 1.900000 1.933333 1.966667 2.000000 2.033333 2.066667 2.100000</float_array>
        <technique_common>
          <accessor source="#mixamorig_Spine2-Matrix-animation-input-array" count="64">
            <param name="TIME" type="float"/>
          </accessor>
        </technique_common>
      </source>
      <source id="mixamorig_Spine2-Matrix-animation-output-transform">
        <float_array id="mixamorig_Spine2-Matrix-animation-output-transform-array" count="1024">

0.990273 -0.069999 -0.120246 0.000000 0.070110 0.997534 -0.003308 12.939800 0.120181 -0.005154 0.992739 -0.000000 0.000000 0.000000 0.000000 1.000000
0.991363 -0.060272 -0.116476 0.000000 0.061067 0.998128 0.003263 12.939800 0.116062 -0.010348 0.993188 0.000000 0.000000 0.000000 0.000000 1.000000
0.992180 -0.049891 -0.114412 0.000000 0.050964 0.998680 0.006473 12.939800 0.113938 -0.012254 0.993412 0.000000 0.000000 0.000000 0.000000 1.000000
0.993378 -0.040359 -0.107572 -0.000000 0.041309 0.999124 0.006618 12.939800 0.107211 -0.011018 0.994175 -0.000000 0.000000 0.000000 0.000000 1.000000
0.993856 -0.026228 -0.107526 -0.000000 0.026613 0.999644 0.002147 12.939800 0.107432 -0.004996 0.994200 0.000000 0.000000 0.000000 0.000000 1.000000
0.993185 -0.011427 -0.115985 0.000000 0.011123 0.999933 -0.003268 12.939800 0.116015 0.001956 0.993246 0.000000 0.000000 0.000000 0.000000 1.000000
0.992976 0.001746 -0.118306 0.000000 -0.002638 0.999969 -0.007378 12.939800 0.118289 0.007638 0.992950 0.000000 0.000000 0.000000 0.000000 1.000000
0.992897 0.007448 -0.118744 0.000000 -0.008897 0.999892 -0.011676 12.939800 0.118644 0.012650 0.992856 0.000000 0.000000 0.000000 0.000000 1.000000
0.992777 0.010111 -0.119548 0.000000 -0.012212 0.999783 -0.016858 12.939800 0.119352 0.018197 0.992685 0.000000 0.000000 0.000000 0.000000 1.000000
0.992527 0.012431 -0.121392 0.000000 -0.015163 0.999651 -0.021612 12.939800 0.121081 0.023291 0.992369 0.000000 0.000000 0.000000 0.000000 1.000000
