<?xml version="1.0" encoding="utf-8"?>
<COLLADA xmlns="http://www.collada.org/2005/11/COLLADASchema" version="1.4.1">
  <asset>
    <contributor>
      <author>Mixamo</author>
      <authoring_tool>COLLADA Mixamo exporter</authoring_tool>
      <comments/>
    </contributor>
    <created>2025-12-24T08:08:54Z</created>
    <modified>2025-12-24T08:08:54Z</modified>
    <revision/>
    <title/>
    <unit meter="0.010000"/>
    <up_axis>Y_UP</up_axis>
  </asset>
  <library_animations>
    <animation id="mixamorig_Hips-anim" name="mixamorig_Hips">
      <source id="mixamorig_Hips-Matrix-animation-input">
        <float_array id="mixamorig_Hips-Matrix-animation-input-array" count="72">

0.000000 0.033333 0.066667 0.100000 0.133333 0.166667 0.200000 0.233333 0.266667 0.300000 0.333333 0.366667 0.400000 0.433333 0.466667 0.500000
0.533333 0.566667 0.600000 0.633333 0.666667 0.700000 0.733333 0.766667 0.800000 0.833333 0.866667 0.900000 0.933333 0.966667 1.000000 1.033333
1.066667 1.100000 1.133333 1.166667 1.200000 1.233333 1.266667 1.300000 1.333333 1.366667 1.400000 1.433333 1.466667 1.500000 1.533333 1.566667
1.600000 1.633333 1.666667 1.700000 1.733333 1.766667 1.800000 1.833333 1.866667 1.900000 1.933333 1.966667 2.000000 2.033333 2.066667 2.100000
2.133333 2.166667 2.200000 2.233333 2.266667 2.300000 2.333333 2.366667</float_array>
        <technique_common>
          <accessor source="#mixamorig_Hips-Matrix-animation-input-array" count="72">
            <param name="TIME" type="float"/>
          </accessor>
        </technique_common>
      </source>
      <source id="mixamorig_Hips-Matrix-animation-output-transform">
        <float_array id="mixamorig_Hips-Matrix-animation-output-transform-array" count="1152">

0.728628 0.052248 -0.682914 0.634693 0.001137 0.996992 0.077491 95.292976 0.684909 -0.057238 0.726377 -0.634868 0.000000 0.000000 0.000000 1.000000
0.745792 0.030942 -0.665460 0.538364 -0.006438 0.999209 0.039245 94.656898 0.666147 -0.024985 0.745402 -5.396978 0.000000 0.000000 0.000000 1.000000
0.760287 0.008973 -0.649526 0.540041 -0.013485 0.999907 -0.001972 93.829597 0.649448 0.010258 0.760337 -9.720218 0.000000 0.000000 0.000000 1.000000
0.772420 -0.015714 -0.634917 0.537154 -0.016474 0.998862 -0.044764 93.024925 0.634898 0.045036 0.771282 -13.491033 0.000000 0.000000 0.000000 1.000000
0.786896 -0.042477 -0.615622 0.386659 -0.014720 0.996052 -0.087542 92.418861 0.616910 0.077949 0.783164 -16.649700 0.000000 0.000000 0.000000 1.000000
0.809915 -0.059170 -0.583555 0.071849 -0.018395 0.991847 -0.126100 92.068611 0.586259 0.112865 0.802223 -19.113960 0.000000 0.000000 0.000000 1.000000
0.837695 -0.065781 -0.542163 -0.105214 -0.033308 0.984718 -0.170941 92.011688 0.545122 0.161255 0.822702 -21.333223 0.000000 0.000000 0.000000 1.000000
0.858955 -0.069111 -0.507366 0.161961 -0.054834 0.972737 -0.225334 92.358017 0.509107 0.221373 0.831747 -23.850018 0.000000 0.000000 0.000000 1.000000
0.872163 -0.073618 -0.483644 0.583196 -0.076051 0.956191 -0.282691 92.406029 0.483267 0.283335 0.828356 -27.020565 0.000000 0.000000 0.000000 1.000000
0.895711 -0.067414 -0.439497 0.967131 -0.110047 0.924077 -0.366022 91.507233 0.430804 0.376215 0.820287 -30.665815 0.000000 0.000000 0.000000 1.000000
0.922478 -0.051685 -0.382573 1.148004 -0.145579 0.871261 -0.468734 89.486557 0.357548 0.488092 0.796195 -34.774910 0.000000 0.000000 0.000000 1.000000
0.932423 -0.035855 -0.359585 0.865768 -0.182519 0.812087 -0.554257 87.479378 0.311888 0.582433 0.750665 -37.895672 0.000000 0.000000 0.000000 1.000000
0.927186 -0.020215 -0.374056 0.620123 -0.238683 0.737724 -0.631501 85.758080 0.288715 0.674800 0.679182 -40.519833 0.000000 0.000000 0.000000 1.000000
0.920750 -0.006666 -0.390096 0.008907 -0.283470 0.675573 -0.680622 83.146767 0.268075 0.737263 0.620145 -42.829273 0.000000 0.000000 0.000000 1.000000
0.919470 0.016076 -0.392832 -0.983253 -0.309174 0.646792 -0.697189 79.826073 0.242873 0.762497 0.599676 -44.067127 0.000000 0.000000 0.000000 1.000000
0.924289 0.041060 -0.379478 -1.872602 -0.321582 0.619317 -0.716262 76.712822 0.205608 0.784067 0.585632 -44.544811 0.000000 0.000000 0.000000 1.000000
0.937085 0.043827 -0.346340 -2.596066 -0.307702 0.572309 -0.760120 74.475815 0.164900 0.818866 0.549787 -43.990604 0.000000 0.000000 0.000000 1.000000
0.942938 0.034949 -0.331129 -2.982102 -0.302911 0.502942 -0.809502 74.842506 0.138248 0.863613 0.484830 -42.367748 0.000000 0.000000 0.000000 1.000000
0.942288 0.030093 -0.333448 -3.431771 -0.312548 0.436121 -0.843868 77.413353 0.120029 0.899385 0.420357 -38.481476 0.000000 0.000000 0.000000 1.000000
0.945305 0.019209 -0.325621 -4.254985 -0.308043 0.380872 -0.871806 80.967346 0.107273 0.924428 0.365958 -31.437044 0.000000 0.000000 0.000000 1.000000
0.951423 -0.004073 -0.307860 -5.216584 -0.291011 0.314599 -0.903515 84.709877 0.100533 0.949216 0.298132 -20.854784 0.000000 0.000000 0.000000 1.000000
0.953934 0.012162 -0.299770 -6.207550 -0.294243 0.232993 -0.926895 87.056412 0.058571 0.972402 0.225838 -12.103165 0.000000 0.000000 0.000000 1.000000
0.962797 0.013733 -0.269877 -7.147600 -0.269505 0.121712 -0.955277 89.512245 0.019729 0.992470 0.120885 -4.278703 0.000000 0.000000 0.000000 1.000000
0.973218 -0.013690 -0.229476 -8.065462 -0.229650 -0.012928 -0.973187 92.345718 0.010356 0.999823 -0.015726 3.952014 0.000000 0.000000 0.000000 1.000000
0.979825 -0.047900 -0.194033 -9.046844 -0.199148 -0.152241 -0.968072 93.876587 0.016831 0.987182 -0.158709 12.701166 0.000000 0.000000 0.000000 1.000000
0.982541 -0.069971 -0.172388 -9.948240 -0.185170 -0.277907 -0.942592 93.525978 0.018046 0.958056 -0.286011 21.986675 0.000000 0.000000 0.000000 1.000000
0.979714 -0.077614 -0.184762 -10.383643 -0.200350 -0.400231 -0.894245 91.455170 -0.004542 0.913122 -0.407662 31.709795 0.000000 0.000000 0.000000 1.000000
0.965898 -0.097127 -0.240016 -9.888184 -0.254047 -0.534565 -0.806040 88.188957 -0.050016 0.839528 -0.541010 41.508980 0.000000 0.000000 0.000000 1.000000
0.937510 -0.158547 -0.309737 -8.806374 -0.335808 -0.645434 -0.686038 84.040367 -0.091146 0.747180 -0.658343 50.979786 0.000000 0.000000 0.000000 1.000000
0.889643 -0.223990 -0.397950 -7.157129 -0.427012 -0.716906 -0.551096 78.942749 -0.161853 0.660208 -0.733437 60.169510 0.000000 0.000000 0.000000 1.000000
0.824539 -0.289465 -0.486153 -5.030015 -0.503419 -0.767532 -0.396818 72.711510 -0.258273 0.571931 -0.778582 69.145554 0.000000 0.000000 0.000000 1.000000
0.749029 -0.356076 -0.558717 -3.040594 -0.544038 -0.811850 -0.211949 65.281792 -0.378125 0.462720 -0.801818 78.168121 0.000000 0.000000 0.000000 1.000000
0.667534 -0.419218 -0.615349 -1.505106 -0.539380 -0.841984 -0.011506 56.368946 -0.513290 0.339588 -0.788171 87.058548 0.000000 0.000000 0.000000 1.000000
0.582121 -0.473754 -0.660827 -0.353355 -0.488514 -0.853465 0.181527 45.928925 -0.649991 0.217153 -0.728255 95.398376 0.000000 0.000000 0.000000 1.000000
0.493600 -0.564871 -0.661271 0.554814 -0.345618 -0.825140 0.446868 35.625267 -0.798065 0.007973 -0.602519 102.950951 0.000000 0.000000 0.000000 1.000000
0.439731 -0.673014 -0.594718 2.054320 -0.108903 -0.697243 0.708514 27.418892 -0.891503 -0.246789 -0.379893 109.050186 0.000000 0.000000 0.000000 1.000000
0.432901 -0.757519 -0.488633 2.628091 0.130392 -0.483735 0.865447 22.039661 -0.891961 -0.438367 -0.110635 112.948921 0.000000 0.000000 0.000000 1.000000
0.460928 -0.751373 -0.472212 1.756355 0.357691 -0.329673 0.873712 19.789885 -0.812159 -0.571624 0.116804 116.086319 0.000000 0.000000 0.000000 1.000000
0.500175 -0.661048 -0.559322 -0.782402 0.575351 -0.229025 0.785187 20.337229 -0.647145 -0.714537 0.265782 118.517830 0.000000 0.000000 0.000000 1.000000
0.510646 -0.527757 -0.678758 -3.374079 0.753003 -0.106534 0.649336 23.028690 -0.415003 -0.842688 0.343001 121.020157 0.000000 0.000000 0.000000 1.000000
0.536151 -0.453303 -0.712080 -4.022435 0.823066 0.093496 0.560198 22.600172 -0.187363 -0.886439 0.423226 122.150597 0.000000 0.000000 0.000000 1.000000
0.583083 -0.432580 -0.687669 -3.333367 0.811886 0.340745 0.474061 20.821722 0.029251 -0.834726 0.549889 121.193207 0.000000 0.000000 0.000000 1.000000
0.570588 -0.438309 -0.694489 -0.068357 0.788221 0.529662 0.313315 21.035723 0.230516 -0.726184 0.647703 119.467400 0.000000 0.000000 0.000000 1.000000
0.518735 -0.474267 -0.711326 3.609963 0.752978 0.647488 0.117405 23.568064 0.404894 -0.596515 0.692987 118.678894 0.000000 0.000000 0.000000 1.000000
0.507383 -0.479901 -0.715722 6.234721 0.668499 0.743310 -0.024493 26.513201 0.543758 -0.466031 0.697956 119.215782 0.000000 0.000000 0.000000 1.000000
0.532437 -0.417648 -0.736262 7.644602 0.544968 0.834690 -0.079382 30.238428 0.647704 -0.358974 0.672025 120.605362 0.000000 0.000000 0.000000 1.000000
0.540020 -0.360893 -0.760352 9.301720 0.442861 0.890070 -0.107931 34.891197 0.715718 -0.278445 0.640481 122.093758 0.000000 0.000000 0.000000 1.000000
0.523694 -0.339530 -0.781322 11.048964 0.374222 0.915605 -0.147055 40.000401 0.765312 -0.215377 0.606556 122.548050 0.000000 0.000000 0.000000 1.000000
0.539398 -0.304460 -0.785082 11.620695 0.309459 0.938775 -0.151446 45.589256 0.783125 -0.161261 0.600592 122.254501 0.000000 0.000000 0.000000 1.000000
0.578619 -0.267109 -0.770619 11.048019 0.252257 0.957132 -0.142351 50.929123 0.775607 -0.112027 0.621195 121.451271 0.000000 0.000000 0.000000 1.000000
0.605260 -0.246432 -0.756923 10.066014 0.203980 0.967140 -0.151763 55.723484 0.769449 -0.062541 0.635638 119.434990 0.000000 0.000000 0.000000 1.000000
0.611142 -0.227358 -0.758165 9.103237 0.160549 0.973554 -0.162534 60.711426 0.775068 -0.022391 0.631482 116.491707 0.000000 0.000000 0.000000 1.000000
0.601907 -0.202080 -0.772574 8.448979 0.124878 0.979369 -0.158879 65.862457 0.788741 -0.000847 0.614724 113.038666 0.000000 0.000000 0.000000 1.000000
0.594714 -0.170715 -0.785603 8.077971 0.091888 0.985224 -0.144533 70.854538 0.798669 0.013768 0.601613 109.276711 0.000000 0.000000 0.000000 1.000000
0.592330 -0.141261 -0.793216 7.843480 0.063909 0.989646 -0.128519 75.478142 0.803157 0.025432 0.595224 105.176727 0.000000 0.000000 0.000000 1.000000
0.580498 -0.124588 -0.804674 7.657030 0.045675 0.991651 -0.120587 79.667549 0.812980 0.033247 0.581342 100.527138 0.000000 0.000000 0.000000 1.000000
0.565770 -0.109715 -0.817231 7.374366 0.028059 0.993096 -0.113900 83.600418 0.824085 0.041511 0.564943 95.321991 0.000000 0.000000 0.000000 1.000000
0.557227 -0.090431 -0.825422 6.900268 0.010034 0.994713 -0.102204 87.346916 0.830300 0.048669 0.555188 89.748940 0.000000 0.000000 0.000000 1.000000
0.554236 -0.074435 -0.829025 6.271405 -0.002660 0.995830 -0.091190 90.749535 0.832356 0.052746 0.551726 83.931282 0.000000 0.000000 0.000000 1.000000
0.556425 -0.059512 -0.828764 5.465425 -0.008112 0.996995 -0.077038 93.457474 0.830858 0.049589 0.554270 77.766151 0.000000 0.000000 0.000000 1.000000
0.569199 -0.039722 -0.821240 4.398167 -0.009230 0.998461 -0.054691 95.232513 0.822148 0.038710 0.567956 71.128494 0.000000 0.000000 0.000000 1.000000
0.597096 -0.017185 -0.801985 3.218639 -0.012961 0.999433 -0.031066 96.314636 0.802065 0.028944 0.596535 64.346603 0.000000 0.000000 0.000000 1.000000
0.630192 -0.001880 -0.776437 2.169503 -0.015039 0.999780 -0.014627 96.950523 0.776294 0.020894 0.630025 57.683067 0.000000 0.000000 0.000000 1.000000
0.654319 0.006495 -0.756191 1.307448 -0.012121 0.999925 -0.001900 97.110229 0.756121 0.010409 0.654349 51.096729 0.000000 0.000000 0.000000 1.000000
0.669418 0.014530 -0.742744 0.717160 -0.008783 0.999894 0.011644 96.923248 0.742834 -0.001271 0.669474 44.606216 0.000000 0.000000 0.000000 1.000000
0.680155 0.020782 -0.732774 0.430908 -0.006327 0.999727 0.022480 96.635284 0.733041 -0.010654 0.680101 38.150879 0.000000 0.000000 0.000000 1.000000
0.690144 0.025579 -0.723220 0.359455 -0.006023 0.999544 0.029604 96.301468 0.723647 -0.016075 0.689983 31.670555 0.000000 0.000000 0.000000 1.000000
0.701984 0.032102 -0.711469 0.404403 -0.007305 0.999256 0.037880 95.896446 0.712155 -0.021394 0.701696 25.191616 0.000000 0.000000 0.000000 1.000000
0.711248 0.039730 -0.701818 0.472783 -0.006593 0.998735 0.049856 95.592957 0.702910 -0.030833 0.710610 18.749315 0.000000 0.000000 0.000000 1.000000
0.714964 0.045059 -0.697708 0.522613 -0.003286 0.998127 0.061094 95.471558 0.699153 -0.041388 0.713773 12.324565 0.000000 0.000000 0.000000 1.000000
0.719131 0.048627 -0.693171 0.567138 -0.000294 0.997570 0.069676 95.398247 0.694874 -0.049902 0.717398 5.872532 0.000000 0.000000 0.000000 1.000000
0.728628 0.052248 -0.682914 0.634694 0.001137 0.996992 0.077490 95.292961 0.684909 -0.057238 0.726377 -0.634870 0.000000 0.000000 0.000000 1.000000</float_array>
        <technique_common>
          <accessor source="#mixamorig_Hips-Matrix-animation-output-transform-array" count="72" stride="16">
            <param type="float4x4"/>
          </accessor>
        </technique_common>
      </source>
      <source id="mixamorig_Hips-Interpolations">
        <Name_array id="mixamorig_Hips-Interpolations-array" count="72">
 LINEAR LINEAR LINEAR LINEAR LINEAR LINEAR LINEAR LINEAR LINEAR LINEAR LINEAR
LINEAR LINEAR LINEAR LINEAR LINEAR LINEAR LINEAR LINEAR LINEAR LINEAR LINEAR LINEAR
LINEAR LINEAR LINEAR LINEAR LINEAR LINEAR LINEAR LINEAR LINEAR LINEAR LINEAR LINEAR
LINEAR LINEAR LINEAR LINEAR LINEAR LINEAR LINEAR LINEAR LINEAR LINEAR LINEAR LINEAR
LINEAR LINEAR LINEAR LINEAR LINEAR LINEAR LINEAR LINEAR LINEAR LINEAR LINEAR LINEAR
LINEAR LINEAR LINEAR LINEAR LINEAR LINEAR LINEAR LINEAR LINEAR LINEAR LINEAR LINEAR
LINEAR</Name_array>
        <technique_common>
          <accessor source="#mixamorig_Hips-Interpolations-array" count="72">
            <param type="name"/>
          </accessor>
        </technique_common>
      </source>
      <sampler id="mixamorig_Hips-Matrix-animation-transform">
        <input semantic="INPUT" source="#mixamorig_Hips-Matrix-animation-input"/>
        <input semantic="OUTPUT" source="#mixamorig_Hips-Matrix-animation-output-transform"/>
        <input semantic="INTERPOLATION" source="#mixamorig_Hips-Interpolations"/>
      </sampler>
      <channel source="#mixamorig_Hips-Matrix-animation-transform" target="mixamorig_Hips/matrix"/>
    </animation>
    <animation id="mixamorig_Spine-anim" name="mixamorig_Spine">
      <source id="mixamorig_Spine-Matrix-animation-input">
        <float_array id="mixamorig_Spine-Matrix-animation-input-array" count="72">

0.000000 0.033333 0.066667 0.100000 0.133333 0.166667 0.200000 0.233333 0.266667 0.300000 0.333333 0.366667 0.400000 0.433333 0.466667 0.500000
0.533333 0.566667 0.600000 0.633333 0.666667 0.700000 0.733333 0.766667 0.800000 0.833333 0.866667 0.900000 0.933333 0.966667 1.000000 1.033333
1.066667 1.100000 1.133333 1.166667 1.200000 1.233333 1.266667 1.300000 1.333333 1.366667 1.400000 1.433333 1.466667 1.500000 1.533333 1.566667
1.600000 1.633333 1.666667 1.700000 1.733333 1.766667 1.800000 1.833333 1.866667 1.900000 1.933333 1.966667 2.000000 2.033333 2.066667 2.100000
2.133333 2.166667 2.200000 2.233333 2.266667 2.300000 2.333333 2.366667</float_array>
        <technique_common>
          <accessor source="#mixamorig_Spine-Matrix-animation-input-array" count="72">
            <param name="TIME" type="float"/>
          </accessor>
        </technique_common>
      </source>
      <source id="mixamorig_Spine-Matrix-animation-output-transform">
        <float_array id="mixamorig_Spine-Matrix-animation-output-transform-array" count="1152">

0.996445 0.015242 0.082852 0.000000 -0.011924 0.999113 -0.040398 9.686900 -0.083394 0.039267 0.995743 -0.591100 0.000000 0.000000 0.000000 1.000000
0.997231 0.012770 0.073264 0.000000 -0.010504 0.999457 -0.031234 9.686900 -0.073623 0.030378 0.996823 -0.591100 0.000000 0.000000 0.000000 1.000000
0.997852 0.009538 0.064812 -0.000000 -0.008095 0.999714 -0.022486 9.686900 -0.065008 0.021913 0.997644 -0.591100 0.000000 0.000000 0.000000 1.000000
0.998297 0.008212 0.057760 -0.000000 -0.007432 0.999878 -0.013720 9.686900 -0.057866 0.013268 0.998236 -0.591100 0.000000 0.000000 0.000000 1.000000
0.998678 0.010028 0.050420 0.000000 -0.009824 0.999943 -0.004290 9.686900 -0.050460 0.003789 0.998719 -0.591100 0.000000 0.000000 0.000000 1.000000
0.999064 0.008972 0.042324 0.000000 -0.009133 0.999952 0.003601 9.686900 -0.042289 -0.003984 0.999097 -0.591100 0.000000 0.000000 0.000000 1.000000
0.999372 0.003046 0.035317 0.000000 -0.003359 0.999956 0.008794 9.686900 -0.035289 -0.008907 0.999337 -0.591100 0.000000 0.000000 0.000000 1.000000
0.999556 -0.003716 0.029574 0.000000 0.003534 0.999975 0.006200 9.686900 -0.029596 -0.006093 0.999543 -0.591100 0.000000 0.000000 0.000000 1.000000
0.999703 -0.003128 0.024164 0.000000 0.003233 0.999986 -0.004306 9.686900 -0.024150 0.004383 0.999699 -0.591100 0.000000 0.000000 0.000000 1.000000
0.999873 -0.004026 0.015425 -0.000000 0.004158 0.999955 -0.008548 9.686900 -0.015390 0.008611 0.999844 -0.591100 0.000000 0.000000 0.000000 1.000000
0.999944 -0.008716 0.005946 0.000000 0.008772 0.999916 -0.009525 9.686900 -0.005862 0.009576 0.999937 -0.591100 0.000000 0.000000 0.000000 1.000000
0.999869 -0.014790 0.006643 0.000000 0.014887 0.999779 -0.014834 9.686900 -0.006422 0.014931 0.999868 -0.591100 0.000000 0.000000 0.000000 1.000000
0.999607 -0.020879 0.018713 0.000000 0.021127 0.999690 -0.013150 9.686900 -0.018433 0.013540 0.999738 -0.591100 0.000000 0.000000 0.000000 1.000000
0.999323 -0.023434 0.028358 -0.000000 0.023770 0.999650 -0.011577 9.686900 -0.028077 0.012244 0.999531 -0.591100 0.000000 0.000000 0.000000 1.000000
0.999132 -0.026576 0.032070 0.000000 0.027056 0.999527 -0.014618 9.686900 -0.031666 0.015473 0.999379 -0.591100 0.000000 0.000000 0.000000 1.000000
0.998893 -0.033501 0.033012 0.000000 0.033927 0.999347 -0.012425 9.686900 -0.032575 0.013532 0.999378 -0.591100 0.000000 0.000000 0.000000 1.000000
0.998862 -0.037109 0.029964 0.000000 0.037203 0.999304 -0.002564 9.686900 -0.029848 0.003676 0.999548 -0.591100 0.000000 0.000000 0.000000 1.000000
0.998862 -0.037589 0.029368 0.000000 0.037467 0.999287 0.004678 9.686900 -0.029523 -0.003573 0.999558 -0.591100 0.000000 0.000000 0.000000 1.000000
0.998864 -0.037116 0.029884 0.000000 0.037123 0.999311 0.000322 9.686900 -0.029875 0.000788 0.999553 -0.591100 0.000000 0.000000 0.000000 1.000000
0.999014 -0.036643 0.025076 0.000000 0.036844 0.999292 -0.007622 9.686900 -0.024779 0.008538 0.999657 -0.591100 0.000000 0.000000 0.000000 1.000000
0.999185 -0.036369 0.017493 -0.000000 0.036604 0.999242 -0.013280 9.686900 -0.016997 0.013909 0.999759 -0.591100 0.000000 0.000000 0.000000 1.000000
0.998531 -0.049459 0.022123 0.000000 0.049888 0.998569 -0.019253 9.686900 -0.021139 0.020328 0.999570 -0.591100 0.000000 0.000000 0.000000 1.000000
0.997863 -0.059846 0.026233 0.000000 0.060277 0.998054 -0.015965 9.686900 -0.025226 0.017512 0.999528 -0.591100 0.000000 0.000000 0.000000 1.000000
0.997833 -0.060794 0.025152 0.000000 0.061016 0.998104 -0.008136 9.686900 -0.024610 0.009653 0.999651 -0.591100 0.000000 0.000000 0.000000 1.000000
0.998358 -0.053655 0.020060 0.000000 0.053674 0.998558 -0.000417 9.686900 -0.020009 0.001493 0.999799 -0.591100 0.000000 0.000000 0.000000 1.000000
0.998519 -0.052084 0.015744 -0.000000 0.052026 0.998637 0.004092 9.686900 -0.015936 -0.003266 0.999868 -0.591100 0.000000 0.000000 0.000000 1.000000
0.998130 -0.060495 0.008729 0.000000 0.060443 0.998153 0.006120 9.686900 -0.009083 -0.005581 0.999943 -0.591100 0.000000 0.000000 0.000000 1.000000
0.997341 -0.072810 0.002998 0.000000 0.072783 0.997314 0.008164 9.686900 -0.003585 -0.007925 0.999962 -0.591100 0.000000 0.000000 0.000000 1.000000
0.997323 -0.073006 0.004150 0.000000 0.072976 0.997309 0.006958 9.686900 -0.004647 -0.006636 0.999967 -0.591100 0.000000 0.000000 0.000000 1.000000
0.997233 -0.073760 0.009299 0.000000 0.073799 0.997266 -0.003852 9.686900 -0.008989 0.004527 0.999949 -0.591100 0.000000 0.000000 0.000000 1.000000
0.996956 -0.077102 0.011591 0.000000 0.077338 0.996772 -0.021551 9.686900 -0.009892 0.022381 0.999701 -0.591100 0.000000 0.000000 0.000000 1.000000
0.996932 -0.077683 0.009538 0.000000 0.078021 0.996045 -0.042518 9.686900 -0.006197 0.043131 0.999050 -0.591100 0.000000 0.000000 0.000000 1.000000
0.997390 -0.071816 0.007515 0.000000 0.072158 0.995171 -0.066536 9.686900 -0.002700 0.066905 0.997756 -0.591100 0.000000 0.000000 0.000000 1.000000
0.998724 -0.050315 0.004233 0.000000 0.050491 0.994455 -0.092251 9.686900 0.000432 0.092347 0.995727 -0.591100 0.000000 0.000000 0.000000 1.000000
0.999829 -0.018215 -0.003228 0.000000 0.017799 0.994792 -0.100355 9.686900 0.005039 0.100281 0.994946 -0.591100 0.000000 0.000000 0.000000 1.000000
0.999985 0.005259 -0.001447 0.000000 -0.005361 0.996469 -0.083795 9.686900 0.001001 0.083802 0.996482 -0.591100 0.000000 0.000000 0.000000 1.000000
0.999757 0.020571 0.007923 -0.000000 -0.020204 0.998830 -0.043926 9.686900 -0.008817 0.043755 0.999003 -0.591100 0.000000 0.000000 0.000000 1.000000
0.999721 0.018542 0.014633 -0.000000 -0.018206 0.999574 -0.022821 9.686900 -0.015050 0.022548 0.999632 -0.591100 0.000000 0.000000 0.000000 1.000000
0.999851 0.008160 0.015221 0.000000 -0.007508 0.999073 -0.042379 9.686900 -0.015553 0.042259 0.998986 -0.591100 0.000000 0.000000 0.000000 1.000000
0.999748 0.013374 0.018033 0.000000 -0.011916 0.996830 -0.078666 9.686900 -0.019028 0.078431 0.996738 -0.591100 0.000000 0.000000 0.000000 1.000000
0.999692 0.016358 0.018681 0.000000 -0.014528 0.995448 -0.094198 9.686900 -0.020137 0.093897 0.995378 -0.591100 0.000000 0.000000 0.000000 1.000000
0.999781 0.013714 0.015815 0.000000 -0.012210 0.995726 -0.091547 9.686900 -0.017003 0.091334 0.995675 -0.591100 0.000000 0.000000 0.000000 1.000000
0.999665 0.021590 0.014282 0.000000 -0.020245 0.995880 -0.088395 9.686900 -0.016132 0.088076 0.995983 -0.591100 0.000000 0.000000 0.000000 1.000000
0.999041 0.040825 0.015793 0.000000 -0.039437 0.996017 -0.079962 9.686900 -0.018994 0.079262 0.996673 -0.591100 0.000000 0.000000 0.000000 1.000000
0.998243 0.057167 0.015588 0.000000 -0.056013 0.996213 -0.066499 9.686900 -0.019330 0.065509 0.997665 -0.591100 0.000000 0.000000 0.000000 1.000000
0.998004 0.060875 0.016813 0.000000 -0.059693 0.996189 -0.063602 9.686900 -0.020620 0.062471 0.997834 -0.591100 0.000000 0.000000 0.000000 1.000000
0.998134 0.055385 0.025694 0.000000 -0.053634 0.996479 -0.064445 9.686900 -0.029173 0.062947 0.997590 -0.591100 0.000000 0.000000 0.000000 1.000000
0.998138 0.049089 0.036201 0.000000 -0.046925 0.997191 -0.058382 9.686900 -0.038965 0.056575 0.997638 -0.591100 0.000000 0.000000 0.000000 1.000000
0.998299 0.042858 0.039519 -0.000000 -0.040824 0.997869 -0.050904 9.686900 -0.041616 0.049204 0.997921 -0.591100 0.000000 0.000000 0.000000 1.000000
0.998413 0.035639 0.043612 0.000000 -0.033872 0.998601 -0.040597 9.686900 -0.044998 0.039056 0.998223 -0.591100 0.000000 0.000000 0.000000 1.000000
0.998346 0.030531 0.048719 0.000000 -0.029119 0.999143 -0.029431 9.686900 -0.049576 0.027964 0.998379 -0.591100 0.000000 0.000000 0.000000 1.000000
0.998106 0.029931 0.053750 0.000000 -0.028804 0.999351 -0.021626 9.686900 -0.054362 0.020036 0.998320 -0.591100 0.000000 0.000000 0.000000 1.000000
0.997620 0.031435 0.061371 0.000000 -0.030290 0.999351 -0.019508 9.686900 -0.061945 0.017602 0.997924 -0.591100 0.000000 0.000000 0.000000 1.000000
0.997067 0.031615 0.069695 0.000000 -0.030275 0.999337 -0.020201 9.686900 -0.070287 0.018032 0.997364 -0.591100 0.000000 0.000000 0.000000 1.000000
0.996595 0.032063 0.075963 0.000000 -0.030681 0.999343 -0.019286 9.686900 -0.076531 0.016890 0.996924 -0.591100 0.000000 0.000000 0.000000 1.000000
0.996037 0.036546 0.081089 0.000000 -0.035400 0.999253 -0.015519 9.686900 -0.081596 0.012587 0.996586 -0.591100 0.000000 0.000000 0.000000 1.000000
0.995704 0.037420 0.084699 0.000000 -0.036604 0.999267 -0.011165 9.686900 -0.085055 0.008017 0.996344 -0.591100 0.000000 0.000000 0.000000 1.000000
0.995694 0.034869 0.085889 0.000000 -0.034180 0.999371 -0.009480 9.686900 -0.086165 0.006504 0.996260 -0.591100 0.000000 0.000000 0.000000 1.000000
0.995765 0.032429 0.086020 0.000000 -0.031734 0.999452 -0.009431 9.686900 -0.086279 0.006661 0.996249 -0.591100 0.000000 0.000000 0.000000 1.000000
0.995804 0.029779 0.086531 0.000000 -0.028952 0.999522 -0.010803 9.686900 -0.086811 0.008253 0.996191 -0.591100 0.000000 0.000000 0.000000 1.000000
0.995822 0.027327 0.087130 0.000000 -0.026222 0.999561 -0.013807 9.686900 -0.087469 0.011465 0.996101 -0.591100 0.000000 0.000000 0.000000 1.000000
0.995907 0.024557 0.086980 0.000000 -0.023256 0.999602 -0.015946 9.686900 -0.087337 0.013858 0.996082 -0.591100 0.000000 0.000000 0.000000 1.000000
0.995961 0.023707 0.086604 -0.000000 -0.022465 0.999631 -0.015294 9.686900 -0.086935 0.013286 0.996125 -0.591100 0.000000 0.000000 0.000000 1.000000
0.995957 0.024717 0.086365 0.000000 -0.023540 0.999616 -0.014621 9.686900 -0.086694 0.012529 0.996156 -0.591100 0.000000 0.000000 0.000000 1.000000
0.995969 0.025517 0.085992 -0.000000 -0.024205 0.999575 -0.016258 9.686900 -0.086371 0.014111 0.996163 -0.591100 0.000000 0.000000 0.000000 1.000000
0.995969 0.025568 0.085977 0.000000 -0.024012 0.999529 -0.019089 9.686900 -0.086425 0.016947 0.996114 -0.591100 0.000000 0.000000 0.000000 1.000000
0.995979 0.024007 0.086313 0.000000 -0.022203 0.999516 -0.021807 9.686900 -0.086794 0.019803 0.996029 -0.591100 0.000000 0.000000 0.000000 1.000000
0.996090 0.021199 0.085761 0.000000 -0.019098 0.999499 -0.025250 9.686900 -0.086253 0.023514 0.995996 -0.591100 0.000000 0.000000 0.000000 1.000000
0.996220 0.019016 0.084755 0.000000 -0.016530 0.999415 -0.029935 9.686900 -0.085274 0.028420 0.995952 -0.591100 0.000000 0.000000 0.000000 1.000000
0.996237 0.018148 0.084751 0.000000 -0.015299 0.999300 -0.034151 9.686900 -0.085312 0.032725 0.995817 -0.591100 0.000000 0.000000 0.000000 1.000000
0.996278 0.017123 0.084475 0.000000 -0.014017 0.999209 -0.037223 9.686900 -0.085045 0.035901 0.995730 -0.591100 0.000000 0.000000 0.000000 1.000000
0.996445 0.015243 0.082851 0.000000 -0.011924 0.999113 -0.040398 9.686900 -0.083394 0.039267 0.995743 -0.591100 0.000000 0.000000 0.000000 1.000000</float_array>
        <technique_common>
          <accessor source="#mixamorig_Spine-Matrix-animation-output-transform-array" count="72" stride="16">
            <param type="float4x4"/>
          </accessor>
        </technique_common>
      </source>
      <source id="mixamorig_Spine-Interpolations">
        <Name_array id="mixamorig_Spine-Interpolations-array" count="72">
 LINEAR LINEAR LINEAR LINEAR LINEAR LINEAR LINEAR LINEAR LINEAR LINEAR LINEAR
LINEAR LINEAR LINEAR LINEAR LINEAR LINEAR LINEAR LINEAR LINEAR LINEAR LINEAR LINEAR
LINEAR LINEAR LINEAR LINEAR LINEAR LINEAR LINEAR LINEAR LINEAR LINEAR LINEAR LINEAR
LINEAR LINEAR LINEAR LINEAR LINEAR LINEAR LINEAR LINEAR LINEAR LINEAR LINEAR LINEAR
LINEAR LINEAR LINEAR LINEAR LINEAR LINEAR LINEAR LINEAR LINEAR LINEAR LINEAR LINEAR
LINEAR LINEAR LINEAR LINEAR LINEAR LINEAR LINEAR LINEAR LINEAR LINEAR LINEAR LINEAR
LINEAR</Name_array>
        <technique_common>
          <accessor source="#mixamorig_Spine-Interpolations-array" count="72">
            <param type="name"/>
          </accessor>
        </technique_common>
      </source>
      <sampler id="mixamorig_Spine-Matrix-animation-transform">
        <input semantic="INPUT" source="#mixamorig_Spine-Matrix-animation-input"/>
        <input semantic="OUTPUT" source="#mixamorig_Spine-Matrix-animation-output-transform"/>
        <input semantic="INTERPOLATION" source="#mixamorig_Spine-Interpolations"/>
      </sampler>
      <channel source="#mixamorig_Spine-Matrix-animation-transform" target="mixamorig_Spine/matrix"/>
    </animation>
    <animation id="mixamorig_Spine1-anim" name="mixamorig_Spine1">
      <source id="mixamorig_Spine1-Matrix-animation-input">
        <float_array id="mixamorig_Spine1-Matrix-animation-input-array" count="72">

0.000000 0.033333 0.066667 0.100000 0.133333 0.166667 0.200000 0.233333 0.266667 0.300000 0.333333 0.366667 0.400000 0.433333 0.466667 0.500000
0.533333 0.566667 0.600000 0.633333 0.666667 0.700000 0.733333 0.766667 0.800000 0.833333 0.866667 0.900000 0.933333 0.966667 1.000000 1.033333
1.066667 1.100000 1.133333 1.166667 1.200000 1.233333 1.266667 1.300000 1.333333 1.366667 1.400000 1.433333 1.466667 1.500000 1.533333 1.566667
1.600000 1.633333 1.666667 1.700000 1.733333 1.766667 1.800000 1.833333 1.866667 1.900000 1.933333 1.966667 2.000000 2.033333 2.066667 2.100000
2.133333 2.166667 2.200000 2.233333 2.266667 2.300000 2.333333 2.366667</float_array>
        <technique_common>
          <accessor source="#mixamorig_Spine1-Matrix-animation-input-array" count="72">
            <param name="TIME" type="float"/>
          </accessor>
        </technique_common>
      </source>
      <source id="mixamorig_Spine1-Matrix-animation-output-transform">
        <float_array id="mixamorig_Spine1-Matrix-animation-output-transform-array" count="1152">

0.986155 0.043466 0.160027 0.000000 -0.010421 0.979373 -0.201794 11.322300 -0.165497 0.197332 0.966266 -0.000000 0.000000 0.000000 0.000000 1.000000
0.989123 0.041151 0.141217 0.000000 -0.014579 0.982769 -0.184262 11.322300 -0.146366 0.180199 0.972679 -0.000000 0.000000 0.000000 0.000000 1.000000
0.991487 0.038476 0.124390 0.000000 -0.017252 0.985739 -0.167396 11.322300 -0.129057 0.163825 0.978011 0.000000 0.000000 0.000000 0.000000 1.000000
0.993168 0.039443 0.109821 0.000000 -0.022620 0.988364 -0.150414 11.322300 -0.114476 0.146902 0.982504 0.000000 0.000000 0.000000 0.000000 1.000000
0.994516 0.044987 0.094418 0.000000 -0.032289 0.990731 -0.131949 11.322300 -0.099479 0.128177 0.986750 0.000000 0.000000 0.000000 0.000000 1.000000
0.995871 0.046891 0.077734 0.000000 -0.037650 0.992494 -0.116351 11.322300 -0.082607 0.112943 0.990162 -0.000000 0.000000 0.000000 0.000000 1.000000
0.997197 0.039335 0.063646 -0.000000 -0.032447 0.993853 -0.105850 11.322300 -0.067419 0.103488 0.992343 0.000000 0.000000 0.000000 0.000000 1.000000
0.998276 0.028503 0.051310 -0.000000 -0.022679 0.993593 -0.110717 11.322300 -0.054137 0.109362 0.992527 0.000000 0.000000 0.000000 0.000000 1.000000
0.999006 0.022704 0.038367 0.000000 -0.017493 0.991218 -0.131072 11.322300 -0.041006 0.130271 0.990630 0.000000 0.000000 0.000000 0.000000 1.000000
0.999723 0.009177 0.021665 0.000000 -0.006081 0.990288 -0.138895 11.322300 -0.022729 0.138725 0.990070 -0.000000 0.000000 0.000000 0.000000 1.000000
0.999909 -0.011996 0.006157 -0.000000 0.012742 0.989997 -0.140511 11.322300 -0.004409 0.140577 0.990060 0.000000 0.000000 0.000000 0.000000 1.000000
0.999691 -0.023400 0.008423 0.000000 0.024404 0.988233 -0.150995 11.322300 -0.004791 0.151154 0.988499 0.000000 0.000000 0.000000 0.000000 1.000000
0.999274 -0.027084 0.026803 0.000000 0.030756 0.988548 -0.147741 11.322300 -0.022494 0.148458 0.988663 0.000000 0.000000 0.000000 0.000000 1.000000
0.998929 -0.025144 0.038831 0.000000 0.030524 0.988985 -0.144835 11.322300 -0.034762 0.145865 0.988694 0.000000 0.000000 0.000000 0.000000 1.000000
0.998817 -0.025324 0.041521 0.000000 0.031330 0.988027 -0.151067 11.322300 -0.037198 0.152189 0.987651 0.000000 0.000000 0.000000 0.000000 1.000000
0.998480 -0.034938 0.042616 0.000000 0.040847 0.988326 -0.146776 11.322300 -0.036990 0.148293 0.988251 0.000000 0.000000 0.000000 0.000000 1.000000
0.998170 -0.044249 0.041225 0.000000 0.049164 0.990677 -0.127047 11.322300 -0.035219 0.128842 0.991040 0.000000 0.000000 0.000000 0.000000 1.000000
0.997968 -0.047177 0.042816 0.000000 0.051738 0.992297 -0.112557 11.322300 -0.037176 0.114543 0.992722 -0.000000 0.000000 0.000000 0.000000 1.000000
0.997740 -0.048357 0.046658 0.000000 0.053702 0.991188 -0.121088 11.322300 -0.040391 0.123320 0.991545 0.000000 0.000000 0.000000 0.000000 1.000000
0.997664 -0.053699 0.042235 0.000000 0.059008 0.988870 -0.136582 11.322300 -0.034431 0.138755 0.989728 0.000000 0.000000 0.000000 0.000000 1.000000
0.997469 -0.063144 0.032672 0.000000 0.067299 0.986765 -0.147529 11.322300 -0.022924 0.149354 0.988518 0.000000 0.000000 0.000000 0.000000 1.000000
0.995903 -0.081987 0.038146 0.000000 0.087057 0.983391 -0.159260 11.322300 -0.024455 0.161928 0.986499 -0.000000 0.000000 0.000000 0.000000 1.000000
0.994589 -0.094832 0.042411 -0.000000 0.100258 0.983158 -0.152804 11.322300 -0.027206 0.156230 0.987346 0.000000 0.000000 0.000000 0.000000 1.000000
0.994431 -0.097433 0.040171 0.000000 0.102081 0.985253 -0.137316 11.322300 -0.026199 0.140652 0.989712 0.000000 0.000000 0.000000 0.000000 1.000000
0.994298 -0.099225 0.039062 0.000000 0.103291 0.987196 -0.121553 11.322300 -0.026501 0.124894 0.991816 -0.000000 0.000000 0.000000 0.000000 1.000000
0.993419 -0.108123 0.037791 0.000000 0.111735 0.987377 -0.112257 11.322300 -0.025176 0.115741 0.992960 0.000000 0.000000 0.000000 0.000000 1.000000
0.990801 -0.132162 0.029104 -0.000000 0.134564 0.984978 -0.108216 11.322300 -0.014365 0.111136 0.993701 0.000000 0.000000 0.000000 0.000000 1.000000
0.986545 -0.161851 0.023098 0.000000 0.163388 0.981046 -0.104177 11.322300 -0.005799 0.106550 0.994290 0.000000 0.000000 0.000000 0.000000 1.000000
0.985303 -0.167663 0.032656 0.000000 0.170220 0.979691 -0.105977 11.322300 -0.014224 0.109978 0.993832 0.000000 0.000000 0.000000 0.000000 1.000000
0.984151 -0.170503 0.048749 0.000000 0.175414 0.976338 -0.126469 11.322300 -0.026033 0.133016 0.990772 0.000000 0.000000 0.000000 0.000000 1.000000
0.982561 -0.176325 0.059028 -0.000000 0.183685 0.969746 -0.160787 11.322300 -0.028892 0.168825 0.985222 0.000000 0.000000 0.000000 0.000000 1.000000
0.983519 -0.172209 0.055092 0.000000 0.179891 0.962635 -0.202419 11.322300 -0.018176 0.208994 0.977748 0.000000 0.000000 0.000000 0.000000 1.000000
0.986919 -0.154458 0.046186 0.000000 0.161123 0.954727 -0.250072 11.322300 -0.005470 0.254243 0.967125 0.000000 0.000000 0.000000 0.000000 1.000000
0.993670 -0.107883 0.031315 0.000000 0.112302 0.947054 -0.300796 11.322300 0.002794 0.302408 0.953174 0.000000 0.000000 0.000000 0.000000 1.000000
0.999222 -0.039379 -0.002256 0.000000 0.036628 0.947597 -0.317363 11.322300 0.014635 0.317033 0.948301 0.000000 0.000000 0.000000 0.000000 1.000000
0.999773 0.010199 -0.018680 0.000000 -0.015111 0.958240 -0.285565 11.322300 0.014988 0.285783 0.958177 0.000000 0.000000 0.000000 0.000000 1.000000
0.998847 0.043357 -0.020609 0.000000 -0.046701 0.977010 -0.208017 11.322300 0.011116 0.208740 0.977908 0.000000 0.000000 0.000000 0.000000 1.000000
0.997976 0.055374 -0.031269 0.000000 -0.059826 0.984237 -0.166429 11.322300 0.021560 0.167962 0.985558 -0.000000 0.000000 0.000000 0.000000 1.000000
0.997877 0.058465 -0.028690 0.000000 -0.063122 0.976697 -0.205130 11.322300 0.016029 0.206505 0.978314 0.000000 0.000000 0.000000 0.000000 1.000000
0.997375 0.071999 -0.007740 0.000000 -0.071330 0.958403 -0.276360 11.322300 -0.012479 0.276187 0.961023 0.000000 0.000000 0.000000 0.000000 1.000000
0.997078 0.076393 0.000106 0.000000 -0.072687 0.949122 -0.306405 11.322300 -0.023508 0.305502 0.951901 0.000000 0.000000 0.000000 0.000000 1.000000
0.997748 0.066918 -0.004595 0.000000 -0.065194 0.951372 -0.301067 11.322300 -0.015775 0.300688 0.953592 0.000000 0.000000 0.000000 0.000000 1.000000
0.997208 0.074450 -0.005728 0.000000 -0.072825 0.952768 -0.294838 11.322300 -0.016493 0.294432 0.955530 0.000000 0.000000 0.000000 0.000000 1.000000
0.994649 0.103299 0.001531 0.000000 -0.098782 0.955288 -0.278687 11.322300 -0.030250 0.277044 0.960381 -0.000000 0.000000 0.000000 0.000000 1.000000
0.991754 0.127938 0.007484 -0.000000 -0.121912 0.959827 -0.252723 11.322300 -0.039516 0.249726 0.967510 0.000000 0.000000 0.000000 0.000000 1.000000
0.991322 0.130512 0.015723 0.000000 -0.122618 0.961156 -0.247272 11.322300 -0.047384 0.243199 0.968818 0.000000 0.000000 0.000000 0.000000 1.000000
0.991883 0.123477 0.030368 0.000000 -0.112105 0.961881 -0.249434 11.322300 -0.060010 0.244005 0.967915 -0.000000 0.000000 0.000000 0.000000 1.000000
0.991847 0.119242 0.044942 0.000000 -0.105269 0.965454 -0.238363 11.322300 -0.071813 0.231688 0.970136 -0.000000 0.000000 0.000000 0.000000 1.000000
0.992414 0.111618 0.051526 0.000000 -0.097427 0.969687 -0.224087 11.322300 -0.074976 0.217367 0.973206 0.000000 0.000000 0.000000 0.000000 1.000000
0.992647 0.105316 0.059668 0.000000 -0.091114 0.974627 -0.204452 11.322300 -0.079686 0.197513 0.977056 0.000000 0.000000 0.000000 0.000000 1.000000
0.992217 0.102906 0.070110 0.000000 -0.088596 0.979071 -0.183222 11.322300 -0.087497 0.175585 0.980568 0.000000 0.000000 0.000000 0.000000 1.000000
0.990986 0.105749 0.082247 0.000000 -0.090749 0.981508 -0.168544 11.322300 -0.098550 0.159561 0.982257 0.000000 0.000000 0.000000 0.000000 1.000000
0.988915 0.108994 0.100837 0.000000 -0.091402 0.982035 -0.165085 11.322300 -0.117019 0.154039 0.981111 -0.000000 0.000000 0.000000 0.000000 1.000000
0.987361 0.101042 0.122097 0.000000 -0.080021 0.982832 -0.166244 11.322300 -0.136799 0.154372 0.978496 0.000000 0.000000 0.000000 0.000000 1.000000
0.986471 0.086896 0.139009 -0.000000 -0.063740 0.984545 -0.163121 11.322300 -0.151035 0.152054 0.976764 0.000000 0.000000 0.000000 0.000000 1.000000
0.985395 0.077947 0.151400 0.000000 -0.054377 0.986572 -0.154011 11.322300 -0.161372 0.143529 0.976401 -0.000000 0.000000 0.000000 0.000000 1.000000
0.984757 0.067516 0.160296 0.000000 -0.044342 0.988587 -0.143978 11.322300 -0.168188 0.134675 0.976512 -0.000000 0.000000 0.000000 0.000000 1.000000
0.984810 0.055860 0.164406 0.000000 -0.032836 0.989668 -0.139569 11.322300 -0.170504 0.132051 0.976469 -0.000000 0.000000 0.000000 0.000000 1.000000
0.984762 0.050524 0.166409 -0.000000 -0.027267 0.989891 -0.139184 11.322300 -0.171759 0.132525 0.976184 0.000000 0.000000 0.000000 0.000000 1.000000
0.984489 0.049545 0.168308 0.000000 -0.025488 0.989510 -0.142196 11.322300 -0.173587 0.135700 0.975424 0.000000 0.000000 0.000000 0.000000 1.000000
0.984199 0.051639 0.169367 0.000000 -0.026262 0.988520 -0.148787 11.322300 -0.175106 0.141988 0.974257 0.000000 0.000000 0.000000 0.000000 1.000000
0.984318 0.051282 0.168784 -0.000000 -0.025156 0.987839 -0.153434 11.322300 -0.174599 0.146782 0.973638 0.000000 0.000000 0.000000 0.000000 1.000000
0.984459 0.051188 0.167987 -0.000000 -0.025382 0.988007 -0.152309 11.322300 -0.173769 0.145678 0.973952 0.000000 0.000000 0.000000 0.000000 1.000000
0.984317 0.055863 0.167330 -0.000000 -0.030328 0.988001 -0.151440 11.322300 -0.173782 0.143990 0.974201 0.000000 0.000000 0.000000 0.000000 1.000000
0.984248 0.059701 0.166408 0.000000 -0.033681 0.987338 -0.155011 11.322300 -0.173556 0.146965 0.973797 0.000000 0.000000 0.000000 0.000000 1.000000
0.984242 0.060362 0.166204 -0.000000 -0.033374 0.986452 -0.160621 11.322300 -0.173648 0.152543 0.972922 -0.000000 0.000000 0.000000 0.000000 1.000000
0.984285 0.057972 0.166803 -0.000000 -0.029942 0.985690 -0.165888 11.322300 -0.174033 0.158287 0.971935 -0.000000 0.000000 0.000000 0.000000 1.000000
0.984729 0.053347 0.165719 0.000000 -0.024315 0.984708 -0.172505 11.322300 -0.172388 0.165841 0.970968 -0.000000 0.000000 0.000000 0.000000 1.000000
0.985246 0.049866 0.163716 0.000000 -0.019589 0.983181 -0.181580 11.322300 -0.170017 0.175694 0.969652 0.000000 0.000000 0.000000 0.000000 1.000000
0.985316 0.048617 0.163671 -0.000000 -0.016915 0.981682 -0.189773 11.322300 -0.169899 0.184218 0.968090 0.000000 0.000000 0.000000 0.000000 1.000000
0.985488 0.046867 0.163146 0.000000 -0.014234 0.980560 -0.195702 11.322300 -0.169146 0.190540 0.966997 -0.000000 0.000000 0.000000 0.000000 1.000000
0.986155 0.043466 0.160027 0.000000 -0.010421 0.979373 -0.201794 11.322300 -0.165497 0.197332 0.966266 0.000000 0.000000 0.000000 0.000000 1.000000</float_array>
        <technique_common>
          <accessor source="#mixamorig_Spine1-Matrix-animation-output-transform-array" count="72" stride="16">
            <param type="float4x4"/>
          </accessor>
        </technique_common>
      </source>
      <source id="mixamorig_Spine1-Interpolations">
