<?xml version="1.0" encoding="utf-8"?>
<COLLADA xmlns="http://www.collada.org/2005/11/COLLADASchema" version="1.4.1">
  <asset>
    <contributor>
      <author>Mixamo</author>
      <authoring_tool>COLLADA Mixamo exporter</authoring_tool>
      <comments/>
    </contributor>
    <created>2025-12-24T08:06:41Z</created>
    <modified>2025-12-24T08:06:41Z</modified>
    <revision/>
    <title/>
    <unit meter="0.010000"/>
    <up_axis>Y_UP</up_axis>
  </asset>
  <library_animations>
    <animation id="mixamorig_Hips-anim" name="mixamorig_Hips">
      <source id="mixamorig_Hips-Matrix-animation-input">
        <float_array id="mixamorig_Hips-Matrix-animation-input-array" count="73">

0.000000 0.033333 0.066667 0.100000 0.133333 0.166667 0.200000 0.233333 0.266667 0.300000 0.333333 0.366667 0.400000 0.433333 0.466667 0.500000
0.533333 0.566667 0.600000 0.633333 0.666667 0.700000 0.733333 0.766667 0.800000 0.833333 0.866667 0.900000 0.933333 0.966667 1.000000 1.033333
1.066667 1.100000 1.133333 1.166667 1.200000 1.233333 1.266667 1.300000 1.333333 1.366667 1.400000 1.433333 1.466667 1.500000 1.533333 1.566667
1.600000 1.633333 1.666667 1.700000 1.733333 1.766667 1.800000 1.833333 1.866667 1.900000 1.933333 1.966667 2.000000 2.033333 2.066667 2.100000
2.133333 2.166667 2.200000 2.233333 2.266667 2.300000 2.333333 2.366667 2.400000</float_array>
        <technique_common>
          <accessor source="#mixamorig_Hips-Matrix-animation-input-array" count="73">
            <param name="TIME" type="float"/>
          </accessor>
        </technique_common>
      </source>
      <source id="mixamorig_Hips-Matrix-animation-output-transform">
        <float_array id="mixamorig_Hips-Matrix-animation-output-transform-array" count="1168">

0.962769 -0.002760 -0.270310 1.305407 -0.020932 0.996185 -0.084722 97.798050 0.269513 0.087226 0.959038 -1.896325 0.000000 0.000000 0.000000 1.000000
0.961818 0.010625 -0.273482 1.148793 -0.030074 0.997298 -0.067024 97.493568 0.272031 0.072690 0.959539 -1.031227 0.000000 0.000000 0.000000 1.000000
0.960912 0.031937 -0.275006 0.989566 -0.044678 0.998193 -0.040190 96.925354 0.273225 0.050906 0.960602 -0.157155 0.000000 0.000000 0.000000 1.000000
0.958567 0.046344 -0.281073 1.018104 -0.054383 0.998302 -0.020862 96.152283 0.279629 0.035283 0.959460 0.253508 0.000000 0.000000 0.000000 1.000000
0.951822 0.036272 -0.304500 1.509143 -0.052536 0.997587 -0.045385 95.094322 0.302119 0.059196 0.951431 -0.761347 0.000000 0.000000 0.000000 1.000000
0.945758 -0.011645 -0.324663 2.304796 -0.030202 0.991878 -0.123557 93.827911 0.323465 0.126661 0.937725 -3.158886 0.000000 0.000000 0.000000 1.000000
0.952041 -0.062646 -0.299490 3.285011 -0.004365 0.975935 -0.218018 92.727432 0.305941 0.208869 0.928856 -5.858971 0.000000 0.000000 0.000000 1.000000
0.962389 -0.103835 -0.251048 4.205241 0.020067 0.948723 -0.315471 91.570732 0.270932 0.298568 0.915125 -8.581727 0.000000 0.000000 0.000000 1.000000
0.964942 -0.139440 -0.222361 5.037400 0.038068 0.912598 -0.407081 90.317383 0.259689 0.384345 0.885912 -11.036206 0.000000 0.000000 0.000000 1.000000
0.961748 -0.151594 -0.228169 5.440182 0.030237 0.886580 -0.461586 88.988373 0.272263 0.437030 0.857250 -13.044020 0.000000 0.000000 0.000000 1.000000
0.957707 -0.149264 -0.246003 5.525340 0.015339 0.880202 -0.474350 87.706764 0.287336 0.450515 0.845266 -14.982280 0.000000 0.000000 0.000000 1.000000
0.953015 -0.148517 -0.264016 5.524595 0.005235 0.879509 -0.475853 86.482330 0.302877 0.452113 0.838963 -16.489580 0.000000 0.000000 0.000000 1.000000
0.947740 -0.156486 -0.278030 5.527401 0.005225 0.878946 -0.476892 85.257454 0.319001 0.450517 0.833830 -17.382957 0.000000 0.000000 0.000000 1.000000
0.941959 -0.168314 -0.290490 5.468283 0.011231 0.880564 -0.473794 83.947609 0.335541 0.443032 0.831345 -17.868450 0.000000 0.000000 0.000000 1.000000
0.936132 -0.179395 -0.302448 5.366195 0.019386 0.885103 -0.464990 82.546173 0.351115 0.429429 0.832051 -18.123543 0.000000 0.000000 0.000000 1.000000
0.930914 -0.185321 -0.314730 5.240665 0.026117 0.893282 -0.448737 81.038498 0.364303 0.409516 0.836409 -18.324310 0.000000 0.000000 0.000000 1.000000
0.926536 -0.185065 -0.327540 5.099051 0.031294 0.905535 -0.423117 79.366943 0.374903 0.381783 0.844801 -18.444118 0.000000 0.000000 0.000000 1.000000
0.922795 -0.181154 -0.340047 4.935679 0.037242 0.920378 -0.389252 77.539520 0.383486 0.346535 0.856067 -18.410141 0.000000 0.000000 0.000000 1.000000
0.919670 -0.174010 -0.352035 4.756444 0.043100 0.935774 -0.349955 75.662407 0.390321 0.306671 0.868103 -18.336096 0.000000 0.000000 0.000000 1.000000
0.917171 -0.164184 -0.363099 4.550609 0.048044 0.950092 -0.308249 73.829285 0.395587 0.265272 0.879285 -18.308395 0.000000 0.000000 0.000000 1.000000
0.915908 -0.150424 -0.372135 4.298037 0.050572 0.962981 -0.264784 72.171036 0.398189 0.223698 0.889610 -18.444626 0.000000 0.000000 0.000000 1.000000
0.916476 -0.135137 -0.376576 4.022696 0.051021 0.973021 -0.225005 70.880615 0.396823 0.186998 0.898645 -18.808903 0.000000 0.000000 0.000000 1.000000
0.918522 -0.119307 -0.376940 3.749358 0.050741 0.981072 -0.186879 69.903198 0.392101 0.152527 0.907189 -19.377842 0.000000 0.000000 0.000000 1.000000
0.922829 -0.103026 -0.371177 3.444153 0.050563 0.987631 -0.148421 69.024063 0.381877 0.118199 0.916623 -20.154224 0.000000 0.000000 0.000000 1.000000
0.928764 -0.088361 -0.359987 3.129853 0.050286 0.992229 -0.113811 68.287407 0.367246 0.087601 0.925990 -21.128885 0.000000 0.000000 0.000000 1.000000
0.935179 -0.074795 -0.346187 2.789500 0.048494 0.995282 -0.084036 67.656342 0.350839 0.061801 0.934394 -22.355049 0.000000 0.000000 0.000000 1.000000
0.943219 -0.057916 -0.327084 2.420653 0.043310 0.997719 -0.051771 66.990677 0.329336 0.034666 0.943576 -23.822638 0.000000 0.000000 0.000000 1.000000
0.951363 -0.042702 -0.305097 2.103515 0.037673 0.999040 -0.022354 66.313805 0.305759 0.009773 0.952059 -25.452816 0.000000 0.000000 0.000000 1.000000
0.959395 -0.030097 -0.280457 1.761129 0.032829 0.999448 0.005048 65.526764 0.280150 -0.014050 0.959853 -27.305721 0.000000 0.000000 0.000000 1.000000
0.967263 -0.018730 -0.253085 1.439856 0.027785 0.999094 0.032251 64.548050 0.252252 -0.038227 0.966906 -29.393427 0.000000 0.000000 0.000000 1.000000
0.973797 -0.011190 -0.227143 1.078277 0.023597 0.998369 0.051980 63.334312 0.226191 -0.055978 0.972473 -31.602268 0.000000 0.000000 0.000000 1.000000
0.981418 -0.006618 -0.191768 0.715794 0.020264 0.997391 0.069282 61.819275 0.190809 -0.071881 0.978992 -34.013573 0.000000 0.000000 0.000000 1.000000
0.988346 0.002495 -0.152205 0.326648 0.010937 0.996118 0.087350 59.883171 0.151832 -0.087997 0.984481 -36.738979 0.000000 0.000000 0.000000 1.000000
0.993252 0.012831 -0.115260 -0.150758 -0.001092 0.994851 0.101338 57.628269 0.115967 -0.100528 0.988153 -39.640530 0.000000 0.000000 0.000000 1.000000
0.997376 0.018290 -0.070046 -0.720134 -0.009415 0.992113 0.124996 54.975269 0.071780 -0.124008 0.989682 -42.746262 0.000000 0.000000 0.000000 1.000000
0.999577 0.019741 -0.021375 -1.381021 -0.016063 0.986940 0.160285 51.841347 0.024260 -0.159874 0.986839 -45.980816 0.000000 0.000000 0.000000 1.000000
0.999306 0.024659 0.027920 -2.094374 -0.029839 0.978572 0.203733 48.270973 -0.022298 -0.204425 0.978628 -49.115959 0.000000 0.000000 0.000000 1.000000
0.995697 0.033251 0.086494 -2.910869 -0.054434 0.965263 0.255547 44.006771 -0.074992 -0.259155 0.962920 -52.218243 0.000000 0.000000 0.000000 1.000000
0.988013 0.041748 0.148616 -3.822627 -0.086580 0.946922 0.309585 39.453835 -0.127804 -0.318741 0.939186 -55.274715 0.000000 0.000000 0.000000 1.000000
0.977649 0.053501 0.203320 -4.919039 -0.127020 0.920935 0.368436 34.487255 -0.167533 -0.386027 0.907147 -58.102291 0.000000 0.000000 0.000000 1.000000
0.961183 0.080971 0.263763 -6.373075 -0.194061 0.877945 0.437667 29.227285 -0.196131 -0.471864 0.859580 -60.619137 0.000000 0.000000 0.000000 1.000000
0.935114 0.121754 0.332773 -8.127029 -0.281566 0.825473 0.489198 24.044689 -0.215134 -0.551153 0.806193 -62.683376 0.000000 0.000000 0.000000 1.000000
0.907402 0.133490 0.398499 -10.022179 -0.358682 0.740144 0.568800 18.078995 -0.219018 -0.659065 0.719489 -64.700897 0.000000 0.000000 0.000000 1.000000
0.898101 0.126710 0.421141 -12.104625 -0.393219 0.660218 0.639915 14.245981 -0.196961 -0.740309 0.642767 -65.934074 0.000000 0.000000 0.000000 1.000000
0.912292 0.084862 0.400652 -13.302230 -0.386717 0.500533 0.774543 14.519498 -0.134810 -0.861548 0.489450 -67.411385 0.000000 0.000000 0.000000 1.000000
0.909066 0.087323 0.407400 -13.401831 -0.408750 0.376455 0.831388 14.533077 -0.080768 -0.922310 0.377915 -68.939148 0.000000 0.000000 0.000000 1.000000
0.916148 0.087346 0.391207 -13.228961 -0.398583 0.301915 0.866013 13.588534 -0.042469 -0.949325 0.311414 -70.421875 0.000000 0.000000 0.000000 1.000000
0.926501 0.070627 0.369606 -12.606266 -0.376289 0.169288 0.910905 12.354771 0.001765 -0.983033 0.183422 -71.862732 0.000000 0.000000 0.000000 1.000000
0.930093 0.037611 0.365394 -11.620251 -0.366339 0.022147 0.930218 11.907456 0.026894 -0.999047 0.034377 -72.771126 0.000000 0.000000 0.000000 1.000000
0.926173 -0.013245 0.376866 -10.687870 -0.372753 -0.183453 0.909616 11.462416 0.057089 -0.982939 -0.174846 -73.949387 0.000000 0.000000 0.000000 1.000000
0.931517 -0.020842 0.363099 -9.654339 -0.358310 -0.223790 0.906384 11.740726 0.062367 -0.974415 -0.215932 -76.294937 0.000000 0.000000 0.000000 1.000000
0.962670 -0.017255 0.270128 -9.048632 -0.267809 -0.205646 0.941269 12.388049 0.039309 -0.978474 -0.202590 -78.851196 0.000000 0.000000 0.000000 1.000000
0.981925 -0.015975 0.188594 -8.297607 -0.187897 -0.202023 0.961187 12.638093 0.022745 -0.979250 -0.201374 -81.197258 0.000000 0.000000 0.000000 1.000000
0.987667 -0.025322 0.154508 -7.211367 -0.156499 -0.189107 0.969405 12.453707 0.004671 -0.981630 -0.190738 -82.908447 0.000000 0.000000 0.000000 1.000000
0.989519 -0.043579 0.137671 -6.265390 -0.141873 -0.115690 0.983101 12.128004 -0.026915 -0.992329 -0.120660 -84.002304 0.000000 0.000000 0.000000 1.000000
0.988815 -0.076191 0.128217 -5.812568 -0.134590 -0.085400 0.987214 11.381098 -0.064267 -0.993429 -0.094699 -84.699539 0.000000 0.000000 0.000000 1.000000
0.988639 -0.096640 0.115121 -5.862093 -0.121935 -0.067826 0.990218 11.174953 -0.087887 -0.993006 -0.078839 -85.306976 0.000000 0.000000 0.000000 1.000000
0.984585 -0.129814 0.117220 -6.050145 -0.126663 -0.067025 0.989679 11.669171 -0.120618 -0.989270 -0.082435 -84.834549 0.000000 0.000000 0.000000 1.000000
0.977511 -0.156674 0.141160 -6.131606 -0.152537 -0.063078 0.986283 11.502147 -0.145621 -0.985634 -0.085558 -84.452873 0.000000 0.000000 0.000000 1.000000
0.970026 -0.174272 0.169350 -6.270506 -0.180890 -0.052497 0.982101 11.198216 -0.162262 -0.983297 -0.082448 -84.303711 0.000000 0.000000 0.000000 1.000000
0.964562 -0.179927 0.192991 -6.096044 -0.201453 -0.029831 0.979044 10.777328 -0.170399 -0.983228 -0.065020 -84.160553 0.000000 0.000000 0.000000 1.000000
0.956416 -0.186538 0.224658 -5.763704 -0.232123 -0.018902 0.972503 10.746836 -0.177162 -0.982266 -0.061378 -84.297127 0.000000 0.000000 0.000000 1.000000
0.945507 -0.197160 0.259124 -5.313075 -0.267019 -0.014098 0.963588 10.802834 -0.186327 -0.980270 -0.065975 -84.495415 0.000000 0.000000 0.000000 1.000000
0.931223 -0.214495 0.294644 -4.750747 -0.305707 -0.019594 0.951924 11.020000 -0.198410 -0.976528 -0.083819 -84.587555 0.000000 0.000000 0.000000 1.000000
0.909394 -0.236859 0.341906 -3.921494 -0.356880 -0.022134 0.933888 11.154127 -0.213632 -0.971292 -0.104659 -84.613998 0.000000 0.000000 0.000000 1.000000
0.883627 -0.258511 0.390353 -3.083944 -0.410826 -0.028231 0.911276 11.373150 -0.224555 -0.965596 -0.131148 -84.684944 0.000000 0.000000 0.000000 1.000000
0.864156 -0.281074 0.417410 -2.468998 -0.442865 -0.030885 0.896056 11.480138 -0.238967 -0.959189 -0.151167 -84.602303 0.000000 0.000000 0.000000 1.000000
0.846786 -0.302291 0.437690 -1.969658 -0.468138 -0.032791 0.883047 11.524282 -0.252585 -0.952651 -0.169281 -84.560516 0.000000 0.000000 0.000000 1.000000
0.831157 -0.322058 0.453273 -1.534712 -0.488754 -0.034450 0.871741 11.530651 -0.265136 -0.946093 -0.186041 -84.510017 0.000000 0.000000 0.000000 1.000000
0.816476 -0.341409 0.465626 -1.135881 -0.506270 -0.035605 0.861640 11.496768 -0.277593 -0.939240 -0.201916 -84.475037 0.000000 0.000000 0.000000 1.000000
0.801879 -0.360525 0.476458 -0.741514 -0.522495 -0.036333 0.851868 11.441345 -0.289809 -0.932042 -0.217507 -84.424706 0.000000 0.000000 0.000000 1.000000
0.786271 -0.380111 0.487129 -0.325665 -0.538923 -0.036263 0.841574 11.363274 -0.302226 -0.924230 -0.233363 -84.348312 0.000000 0.000000 0.000000 1.000000
0.768866 -0.399365 0.499353 0.106221 -0.557374 -0.035908 0.829485 11.296604 -0.313337 -0.916088 -0.250204 -84.293098 0.000000 0.000000 0.000000 1.000000</float_array>
        <technique_common>
          <accessor source="#mixamorig_Hips-Matrix-animation-output-transform-array" count="73" stride="16">
            <param type="float4x4"/>
          </accessor>
        </technique_common>
      </source>
      <source id="mixamorig_Hips-Interpolations">
        <Name_array id="mixamorig_Hips-Interpolations-array" count="73">
 LINEAR LINEAR LINEAR LINEAR LINEAR LINEAR LINEAR LINEAR LINEAR LINEAR LINEAR
LINEAR LINEAR LINEAR LINEAR LINEAR LINEAR LINEAR LINEAR LINEAR LINEAR LINEAR LINEAR
LINEAR LINEAR LINEAR LINEAR LINEAR LINEAR LINEAR LINEAR LINEAR LINEAR LINEAR LINEAR
LINEAR LINEAR LINEAR LINEAR LINEAR LINEAR LINEAR LINEAR LINEAR LINEAR LINEAR LINEAR
LINEAR LINEAR LINEAR LINEAR LINEAR LINEAR LINEAR LINEAR LINEAR LINEAR LINEAR LINEAR
LINEAR LINEAR LINEAR LINEAR LINEAR LINEAR LINEAR LINEAR LINEAR LINEAR LINEAR LINEAR
LINEAR LINEAR</Name_array>
        <technique_common>
          <accessor source="#mixamorig_Hips-Interpolations-array" count="73">
            <param type="name"/>
          </accessor>
        </technique_common>
      </source>
      <sampler id="mixamorig_Hips-Matrix-animation-transform">
        <input semantic="INPUT" source="#mixamorig_Hips-Matrix-animation-input"/>
        <input semantic="OUTPUT" source="#mixamorig_Hips-Matrix-animation-output-transform"/>
        <input semantic="INTERPOLATION" source="#mixamorig_Hips-Interpolations"/>
      </sampler>
      <channel source="#mixamorig_Hips-Matrix-animation-transform" target="mixamorig_Hips/matrix"/>
    </animation>
    <animation id="mixamorig_Spine-anim" name="mixamorig_Spine">
      <source id="mixamorig_Spine-Matrix-animation-input">
        <float_array id="mixamorig_Spine-Matrix-animation-input-array" count="73">

0.000000 0.033333 0.066667 0.100000 0.133333 0.166667 0.200000 0.233333 0.266667 0.300000 0.333333 0.366667 0.400000 0.433333 0.466667 0.500000
0.533333 0.566667 0.600000 0.633333 0.666667 0.700000 0.733333 0.766667 0.800000 0.833333 0.866667 0.900000 0.933333 0.966667 1.000000 1.033333
1.066667 1.100000 1.133333 1.166667 1.200000 1.233333 1.266667 1.300000 1.333333 1.366667 1.400000 1.433333 1.466667 1.500000 1.533333 1.566667
1.600000 1.633333 1.666667 1.700000 1.733333 1.766667 1.800000 1.833333 1.866667 1.900000 1.933333 1.966667 2.000000 2.033333 2.066667 2.100000
2.133333 2.166667 2.200000 2.233333 2.266667 2.300000 2.333333 2.366667 2.400000</float_array>
        <technique_common>
          <accessor source="#mixamorig_Spine-Matrix-animation-input-array" count="73">
            <param name="TIME" type="float"/>
          </accessor>
        </technique_common>
      </source>
      <source id="mixamorig_Spine-Matrix-animation-output-transform">
        <float_array id="mixamorig_Spine-Matrix-animation-output-transform-array" count="1168">

0.997030 0.000845 0.077011 0.000000 0.025025 0.942127 -0.334322 9.686900 -0.072837 0.335256 0.939307 -0.591100 0.000000 0.000000 0.000000 1.000000
0.997030 -0.011768 0.076103 0.000000 0.035316 0.948082 -0.316060 9.686900 -0.068433 0.317809 0.945682 -0.591100 0.000000 0.000000 0.000000 1.000000
0.997025 -0.025593 0.072711 -0.000000 0.047016 0.949403 -0.310521 9.686900 -0.061085 0.313016 0.947781 -0.591100 0.000000 0.000000 0.000000 1.000000
0.997262 -0.028375 0.068293 0.000000 0.049065 0.944811 -0.323922 9.686900 -0.055333 0.326386 0.943616 -0.591100 0.000000 0.000000 0.000000 1.000000
0.998292 -0.001313 0.058405 0.000000 0.022930 0.928324 -0.371066 9.686900 -0.053732 0.371771 0.926768 -0.591100 0.000000 0.000000 0.000000 1.000000
0.998179 0.055481 0.023676 -0.000000 -0.039891 0.901545 -0.430843 9.686900 -0.045248 0.429114 0.902116 -0.591100 0.000000 0.000000 0.000000 1.000000
0.996761 0.073760 -0.032031 -0.000000 -0.079978 0.867862 -0.490325 9.686900 -0.008368 0.491299 0.870951 -0.591100 0.000000 0.000000 0.000000 1.000000
0.995473 0.059285 -0.074295 -0.000000 -0.089879 0.841416 -0.532861 9.686900 0.030922 0.537126 0.842935 -0.591100 0.000000 0.000000 0.000000 1.000000
0.993310 0.049620 -0.104276 0.000000 -0.099529 0.825781 -0.555140 9.686900 0.058563 0.561805 0.825195 -0.591100 0.000000 0.000000 0.000000 1.000000
0.994096 0.057512 -0.092013 -0.000000 -0.100230 0.811561 -0.575606 9.686900 0.041570 0.581430 0.812534 -0.591100 0.000000 0.000000 0.000000 1.000000
0.992472 0.090659 -0.082339 0.000000 -0.122214 0.776575 -0.618057 9.686900 0.007910 0.623468 0.781809 -0.591100 0.000000 0.000000 0.000000 1.000000
0.986591 0.127489 -0.101901 0.000000 -0.162849 0.727505 -0.666496 9.686900 -0.010837 0.674153 0.738512 -0.591100 0.000000 0.000000 0.000000 1.000000
0.984332 0.144979 -0.100361 0.000000 -0.173984 0.706098 -0.686408 9.686900 -0.028650 0.693114 0.720258 -0.591100 0.000000 0.000000 0.000000 1.000000
0.983575 0.155966 -0.090860 -0.000000 -0.174600 0.694409 -0.698077 9.686900 -0.045783 0.702475 0.710235 -0.591100 0.000000 0.000000 0.000000 1.000000
0.983434 0.162624 -0.080071 0.000000 -0.171195 0.688070 -0.705160 9.686900 -0.059581 0.707186 0.704512 -0.591100 0.000000 0.000000 0.000000 1.000000
0.983089 0.167099 -0.074925 0.000000 -0.170158 0.682271 -0.711022 9.686900 -0.067692 0.711747 0.699167 -0.591100 0.000000 0.000000 0.000000 1.000000
0.982493 0.169261 -0.077829 0.000000 -0.173204 0.676066 -0.716195 9.686900 -0.068606 0.717137 0.693547 -0.591100 0.000000 0.000000 0.000000 1.000000
0.982035 0.168280 -0.085371 0.000000 -0.177633 0.671790 -0.719128 9.686900 -0.063664 0.721374 0.689614 -0.591100 0.000000 0.000000 0.000000 1.000000
0.981670 0.165340 -0.094795 -0.000000 -0.182299 0.669505 -0.720091 9.686900 -0.055594 0.724173 0.687374 -0.591100 0.000000 0.000000 0.000000 1.000000
0.981435 0.161458 -0.103522 -0.000000 -0.185981 0.669255 -0.719381 9.686900 -0.046867 0.725278 0.686859 -0.591100 0.000000 0.000000 0.000000 1.000000
0.981600 0.156609 -0.109251 -0.000000 -0.187023 0.673042 -0.715568 9.686900 -0.038534 0.722833 0.689947 -0.591100 0.000000 0.000000 0.000000 1.000000
0.982242 0.150074 -0.112599 -0.000000 -0.185273 0.681264 -0.708204 9.686900 -0.029573 0.716490 0.696971 -0.591100 0.000000 0.000000 0.000000 1.000000
0.983342 0.143094 -0.112080 -0.000000 -0.180238 0.687928 -0.703043 9.686900 -0.023498 0.711533 0.702260 -0.591100 0.000000 0.000000 0.000000 1.000000
0.983800 0.137178 -0.115411 -0.000000 -0.178593 0.694090 -0.697384 9.686900 -0.015560 0.706698 0.707345 -0.591100 0.000000 0.000000 0.000000 1.000000
0.984262 0.130963 -0.118644 0.000000 -0.176556 0.700464 -0.691505 9.686900 -0.007455 0.701569 0.712562 -0.591100 0.000000 0.000000 0.000000 1.000000
0.984739 0.126319 -0.119716 0.000000 -0.174025 0.707276 -0.685183 9.686900 -0.001880 0.695560 0.718466 -0.591100 0.000000 0.000000 0.000000 1.000000
0.985337 0.120235 -0.121055 0.000000 -0.170573 0.710706 -0.682497 9.686900 0.003975 0.693138 0.720794 -0.591100 0.000000 0.000000 0.000000 1.000000
0.986100 0.114171 -0.120717 0.000000 -0.165947 0.713115 -0.681123 9.686900 0.008320 0.691688 0.722149 -0.591100 0.000000 0.000000 0.000000 1.000000
0.986710 0.109728 -0.119845 0.000000 -0.162106 0.715486 -0.679560 9.686900 0.011181 0.689956 0.723765 -0.591100 0.000000 0.000000 0.000000 1.000000
0.987628 0.105642 -0.115893 0.000000 -0.156420 0.716154 -0.680189 9.686900 0.011140 0.689901 0.723818 -0.591100 0.000000 0.000000 0.000000 1.000000
0.988006 0.103819 -0.114305 -0.000000 -0.153947 0.719860 -0.676832 9.686900 0.012015 0.686311 0.727209 -0.591100 0.000000 0.000000 0.000000 1.000000
0.989174 0.096878 -0.110229 0.000000 -0.145996 0.725724 -0.672317 9.686900 0.014863 0.681131 0.732010 -0.591100 0.000000 0.000000 0.000000 1.000000
0.990602 0.084578 -0.107487 0.000000 -0.135050 0.729218 -0.670822 9.686900 0.021645 0.679034 0.733787 -0.591100 0.000000 0.000000 0.000000 1.000000
0.992441 0.074694 -0.097371 0.000000 -0.120843 0.733070 -0.669333 9.686900 0.021385 0.676040 0.736555 -0.591100 0.000000 0.000000 0.000000 1.000000
0.993075 0.069166 -0.094962 0.000000 -0.115124 0.734023 -0.669296 9.686900 0.023412 0.675594 0.736902 -0.591100 0.000000 0.000000 0.000000 1.000000
0.993980 0.064558 -0.088521 -0.000000 -0.107419 0.733238 -0.671434 9.686900 0.021561 0.676901 0.735759 -0.591100 0.000000 0.000000 0.000000 1.000000
0.995308 0.054803 -0.079745 -0.000000 -0.094372 0.731799 -0.674955 9.686900 0.021368 0.679313 0.733537 -0.591100 0.000000 0.000000 0.000000 1.000000
0.996413 0.037938 -0.075646 -0.000000 -0.079298 0.730744 -0.678031 9.686900 0.029554 0.681597 0.731131 -0.591100 0.000000 0.000000 0.000000 1.000000
0.997125 0.018870 -0.073392 0.000000 -0.063899 0.729992 -0.680462 9.686900 0.040735 0.683195 0.729099 -0.591100 0.000000 0.000000 0.000000 1.000000
0.998356 0.005662 -0.057031 0.000000 -0.042988 0.732090 -0.679850 9.686900 0.037903 0.681185 0.731130 -0.591100 0.000000 0.000000 0.000000 1.000000
0.999184 -0.013049 -0.038211 0.000000 -0.016493 0.731901 -0.681211 9.686900 0.036856 0.681286 0.731089 -0.591100 0.000000 0.000000 0.000000 1.000000
0.998975 -0.039968 -0.021240 0.000000 0.015926 0.749662 -0.661629 9.686900 0.042367 0.660613 0.749530 -0.591100 0.000000 0.000000 0.000000 1.000000
0.999199 -0.035497 -0.018494 -0.000000 0.014866 0.758126 -0.651939 9.686900 0.037162 0.651141 0.758046 -0.591100 0.000000 0.000000 0.000000 1.000000
0.999717 0.022364 -0.008110 0.000000 -0.022826 0.805786 -0.591766 9.686900 -0.006699 0.591784 0.806069 -0.591100 0.000000 0.000000 0.000000 1.000000
0.995562 0.090675 0.025167 0.000000 -0.061122 0.826427 -0.559716 9.686900 -0.071551 0.555694 0.828302 -0.591100 0.000000 0.000000 0.000000 1.000000
0.997360 0.059889 0.041071 0.000000 -0.034140 0.885861 -0.462692 9.686900 -0.064093 0.460069 0.885567 -0.591100 0.000000 0.000000 0.000000 1.000000
0.997386 0.053240 0.048848 0.000000 -0.031230 0.927305 -0.373002 9.686900 -0.065156 0.370501 0.926544 -0.591100 0.000000 0.000000 0.000000 1.000000
0.996931 0.046266 0.063146 -0.000000 -0.020348 0.932083 -0.361673 9.686900 -0.075591 0.359278 0.930164 -0.591100 0.000000 0.000000 0.000000 1.000000
0.995895 0.029079 0.085719 0.000000 -0.001186 0.951104 -0.308870 9.686900 -0.090509 0.307500 0.947234 -0.591100 0.000000 0.000000 0.000000 1.000000
0.998095 0.028619 0.054662 0.000000 -0.009816 0.948290 -0.317255 9.686900 -0.060915 0.316114 0.946764 -0.591100 0.000000 0.000000 0.000000 1.000000
0.999438 0.028407 0.017787 0.000000 -0.022323 0.960052 -0.278928 9.686900 -0.025000 0.278374 0.960147 -0.591100 0.000000 0.000000 0.000000 1.000000
0.999604 0.028134 -0.000635 0.000000 -0.027479 0.970978 -0.237586 9.686900 -0.006068 0.237509 0.971366 -0.591100 0.000000 0.000000 0.000000 1.000000
0.999143 0.018532 0.037023 -0.000000 -0.009660 0.973898 -0.226781 9.686900 -0.040259 0.226229 0.973242 -0.591100 0.000000 0.000000 0.000000 1.000000
0.998116 -0.011418 0.060288 -0.000000 0.024446 0.975184 -0.220042 9.686900 -0.056279 0.221101 0.973626 -0.591100 0.000000 0.000000 0.000000 1.000000
0.997563 -0.032638 0.061673 -0.000000 0.041680 0.987572 -0.151542 9.686900 -0.055961 0.153743 0.986525 -0.591100 0.000000 0.000000 0.000000 1.000000
0.996371 -0.026709 0.080814 0.000000 0.037843 0.989492 -0.139548 9.686900 -0.076237 0.142100 0.986912 -0.591100 0.000000 0.000000 0.000000 1.000000
0.997441 -0.010088 0.070785 -0.000000 0.019071 0.991667 -0.127406 9.686900 -0.068910 0.128430 0.989322 -0.591100 0.000000 0.000000 0.000000 1.000000
0.997550 0.022039 0.066388 0.000000 -0.015255 0.994768 -0.101010 9.686900 -0.068267 0.099750 0.992668 -0.591100 0.000000 0.000000 0.000000 1.000000
0.997275 0.052345 0.051984 -0.000000 -0.047712 0.995093 -0.086683 9.686900 -0.056266 0.083967 0.994879 -0.591100 0.000000 0.000000 0.000000 1.000000
0.996863 0.070420 0.036129 -0.000000 -0.067514 0.994805 -0.076188 9.686900 -0.041306 0.073510 0.996439 -0.591100 0.000000 0.000000 0.000000 1.000000
0.997570 0.065376 0.024075 0.000000 -0.063550 0.995515 -0.070083 9.686900 -0.028549 0.068382 0.997251 -0.591100 0.000000 0.000000 0.000000 1.000000
0.998212 0.059771 -0.000186 -0.000000 -0.059668 0.996303 -0.061805 9.686900 -0.003509 0.061706 0.998088 -0.591100 0.000000 0.000000 0.000000 1.000000
0.997965 0.056510 -0.029542 0.000000 -0.058056 0.996830 -0.054403 9.686900 0.026374 0.056007 0.998082 -0.591100 0.000000 0.000000 0.000000 1.000000
0.996705 0.053457 -0.061001 0.000000 -0.056909 0.996788 -0.056342 9.686900 0.057793 0.059628 0.996546 -0.591100 0.000000 0.000000 0.000000 1.000000
0.994063 0.042219 -0.100278 0.000000 -0.047967 0.997299 -0.055615 9.686900 0.097659 0.060095 0.993404 -0.591100 0.000000 0.000000 0.000000 1.000000
0.989663 0.027850 -0.140681 -0.000000 -0.036445 0.997599 -0.058898 9.686900 0.138702 0.063416 0.988302 -0.591100 0.000000 0.000000 0.000000 1.000000
0.985979 0.028077 -0.164490 0.000000 -0.039160 0.997147 -0.064529 9.686900 0.162209 0.070066 0.984266 -0.591100 0.000000 0.000000 0.000000 1.000000
0.982750 0.030338 -0.182434 0.000000 -0.044015 0.996477 -0.071390 9.686900 0.179625 0.078188 0.980623 -0.591100 0.000000 0.000000 0.000000 1.000000
0.979965 0.033583 -0.196316 -0.000000 -0.049972 0.995611 -0.079134 9.686900 0.192797 0.087359 0.977342 -0.591100 0.000000 0.000000 0.000000 1.000000
0.977500 0.038140 -0.207461 0.000000 -0.057312 0.994541 -0.087198 9.686900 0.203002 0.097126 0.974349 -0.591100 0.000000 0.000000 0.000000 1.000000
0.975096 0.043321 -0.217510 0.000000 -0.065362 0.993312 -0.095183 9.686900 0.211931 0.107030 0.971406 -0.591100 0.000000 0.000000 0.000000 1.000000
0.972454 0.049132 -0.227858 0.000000 -0.074141 0.991963 -0.102526 9.686900 0.220990 0.116596 0.968281 -0.591100 0.000000 0.000000 0.000000 1.000000
0.969228 0.053669 -0.240245 0.000000 -0.081882 0.990660 -0.109035 9.686900 0.232149 0.125351 0.964569 -0.591100 0.000000 0.000000 0.000000 1.000000</float_array>
        <technique_common>
          <accessor source="#mixamorig_Spine-Matrix-animation-output-transform-array" count="73" stride="16">
            <param type="float4x4"/>
          </accessor>
        </technique_common>
      </source>
      <source id="mixamorig_Spine-Interpolations">
        <Name_array id="mixamorig_Spine-Interpolations-array" count="73">
 LINEAR LINEAR LINEAR LINEAR LINEAR LINEAR LINEAR LINEAR LINEAR LINEAR LINEAR
LINEAR LINEAR LINEAR LINEAR LINEAR LINEAR LINEAR LINEAR LINEAR LINEAR LINEAR LINEAR
LINEAR LINEAR LINEAR LINEAR LINEAR LINEAR LINEAR LINEAR LINEAR LINEAR LINEAR LINEAR
LINEAR LINEAR LINEAR LINEAR LINEAR LINEAR LINEAR LINEAR LINEAR LINEAR LINEAR LINEAR
LINEAR LINEAR LINEAR LINEAR LINEAR LINEAR LINEAR LINEAR LINEAR LINEAR LINEAR LINEAR
LINEAR LINEAR LINEAR LINEAR LINEAR LINEAR LINEAR LINEAR LINEAR LINEAR LINEAR LINEAR
LINEAR LINEAR</Name_array>
        <technique_common>
          <accessor source="#mixamorig_Spine-Interpolations-array" count="73">
            <param type="name"/>
          </accessor>
        </technique_common>
      </source>
      <sampler id="mixamorig_Spine-Matrix-animation-transform">
        <input semantic="INPUT" source="#mixamorig_Spine-Matrix-animation-input"/>
        <input semantic="OUTPUT" source="#mixamorig_Spine-Matrix-animation-output-transform"/>
        <input semantic="INTERPOLATION" source="#mixamorig_Spine-Interpolations"/>
      </sampler>
      <channel source="#mixamorig_Spine-Matrix-animation-transform" target="mixamorig_Spine/matrix"/>
    </animation>
    <animation id="mixamorig_Spine1-anim" name="mixamorig_Spine1">
      <source id="mixamorig_Spine1-Matrix-animation-input">
        <float_array id="mixamorig_Spine1-Matrix-animation-input-array" count="73">

0.000000 0.033333 0.066667 0.100000 0.133333 0.166667 0.200000 0.233333 0.266667 0.300000 0.333333 0.366667 0.400000 0.433333 0.466667 0.500000
0.533333 0.566667 0.600000 0.633333 0.666667 0.700000 0.733333 0.766667 0.800000 0.833333 0.866667 0.900000 0.933333 0.966667 1.000000 1.033333
1.066667 1.100000 1.133333 1.166667 1.200000 1.233333 1.266667 1.300000 1.333333 1.366667 1.400000 1.433333 1.466667 1.500000 1.533333 1.566667
1.600000 1.633333 1.666667 1.700000 1.733333 1.766667 1.800000 1.833333 1.866667 1.900000 1.933333 1.966667 2.000000 2.033333 2.066667 2.100000
2.133333 2.166667 2.200000 2.233333 2.266667 2.300000 2.333333 2.366667 2.400000</float_array>
        <technique_common>
          <accessor source="#mixamorig_Spine1-Matrix-animation-input-array" count="73">
            <param name="TIME" type="float"/>
          </accessor>
        </technique_common>
      </source>
      <source id="mixamorig_Spine1-Matrix-animation-output-transform">
        <float_array id="mixamorig_Spine1-Matrix-animation-output-transform-array" count="1168">

0.999658 0.013327 0.022499 0.000000 -0.011852 0.997848 -0.064491 11.322300 -0.023310 0.064202 0.997665 0.000000 0.000000 0.000000 0.000000 1.000000
0.999691 0.012929 0.021241 0.000000 -0.011661 0.998203 -0.058780 11.322300 -0.021963 0.058515 0.998045 0.000000 0.000000 0.000000 0.000000 1.000000
0.999737 0.012140 0.019436 0.000000 -0.011079 0.998490 -0.053800 11.322300 -0.020060 0.053571 0.998363 0.000000 0.000000 0.000000 0.000000 1.000000
0.999767 0.011431 0.018294 0.000000 -0.010553 0.998819 -0.047418 11.322300 -0.018814 0.047214 0.998708 0.000000 0.000000 0.000000 0.000000 1.000000
0.999787 0.010355 0.017854 0.000000 -0.009725 0.999340 -0.034991 11.322300 -0.018204 0.034810 0.999228 -0.000000 0.000000 0.000000 0.000000 1.000000
0.999834 0.011051 0.014459 0.000000 -0.010749 0.999726 -0.020807 11.322300 -0.014685 0.020649 0.999679 0.000000 0.000000 0.000000 0.000000 1.000000
0.999908 0.012978 0.003885 0.000000 -0.012949 0.999889 -0.007408 11.322300 -0.003981 0.007357 0.999965 0.000000 0.000000 0.000000 0.000000 1.000000
0.999918 0.009586 -0.008487 0.000000 -0.009567 0.999952 0.002302 11.322300 0.008509 -0.002220 0.999961 -0.000000 0.000000 0.000000 0.000000 1.000000
0.999818 0.007596 -0.017479 -0.000000 -0.007476 0.999948 0.006894 11.322300 0.017530 -0.006762 0.999823 0.000000 0.000000 0.000000 0.000000 1.000000
0.999881 0.005246 -0.014486 0.000000 -0.005194 0.999980 0.003617 11.322300 0.014505 -0.003541 0.999889 0.000000 0.000000 0.000000 0.000000 1.000000
0.999948 0.005885 -0.008347 -0.000000 -0.005956 0.999946 -0.008518 11.322300 0.008296 0.008567 0.999929 0.000000 0.000000 0.000000 0.000000 1.000000
0.999905 0.011353 -0.007866 0.000000 -0.011576 0.999513 -0.028983 11.322300 0.007533 0.029071 0.999549 0.000000 0.000000 0.000000 0.000000 1.000000
0.999906 0.012850 -0.004868 0.000000 -0.013005 0.999368 -0.033090 11.322300 0.004439 0.033150 0.999441 -0.000000 0.000000 0.000000 0.000000 1.000000
0.999921 0.012545 -0.000668 0.000000 -0.012559 0.999463 -0.030254 11.322300 0.000288 0.030260 0.999542 0.000000 0.000000 0.000000 0.000000 1.000000
0.999925 0.011835 0.003280 0.000000 -0.011747 0.999604 -0.025554 11.322300 -0.003581 0.025513 0.999668 0.000000 0.000000 0.000000 0.000000 1.000000
0.999911 0.012120 0.005523 0.000000 -0.011983 0.999638 -0.024095 11.322300 -0.005813 0.024027 0.999694 0.000000 0.000000 0.000000 0.000000 1.000000
0.999888 0.013931 0.005494 -0.000000 -0.013775 0.999523 -0.027630 11.322300 -0.005877 0.027551 0.999603 0.000000 0.000000 0.000000 0.000000 1.000000
0.999856 0.016494 0.004044 0.000000 -0.016350 0.999309 -0.033369 11.322300 -0.004592 0.033298 0.999435 0.000000 0.000000 0.000000 0.000000 1.000000
0.999813 0.019246 0.001847 -0.000000 -0.019157 0.999031 -0.039628 11.322300 -0.002608 0.039586 0.999213 -0.000000 0.000000 0.000000 0.000000 1.000000
0.999766 0.021622 -0.000423 0.000000 -0.021619 0.998765 -0.044729 11.322300 -0.000545 0.044728 0.998999 0.000000 0.000000 0.000000 0.000000 1.000000
0.999737 0.022804 -0.002304 0.000000 -0.022886 0.998669 -0.046213 11.322300 0.001247 0.046254 0.998929 0.000000 0.000000 0.000000 0.000000 1.000000
0.999721 0.023277 -0.003921 0.000000 -0.023431 0.998694 -0.045394 11.322300 0.002860 0.045473 0.998961 0.000000 0.000000 0.000000 0.000000 1.000000
0.999767 0.020638 -0.006355 0.000000 -0.020899 0.998806 -0.044154 11.322300 0.005436 0.044277 0.999005 -0.000000 0.000000 0.000000 0.000000 1.000000
0.999769 0.019662 -0.008659 0.000000 -0.020020 0.998857 -0.043396 11.322300 0.007796 0.043559 0.999020 0.000000 0.000000 0.000000 0.000000 1.000000
0.999763 0.019003 -0.010635 0.000000 -0.019439 0.998905 -0.042556 11.322300 0.009815 0.042752 0.999037 0.000000 0.000000 0.000000 0.000000 1.000000
0.999770 0.017506 -0.012422 0.000000 -0.018010 0.998968 -0.041686 11.322300 0.011679 0.041900 0.999054 0.000000 0.000000 0.000000 0.000000 1.000000
0.999767 0.016386 -0.014031 0.000000 -0.016962 0.998974 -0.041989 11.322300 0.013329 0.042217 0.999020 0.000000 0.000000 0.000000 0.000000 1.000000
0.999773 0.015102 -0.015055 0.000000 -0.015727 0.998982 -0.042290 11.322300 0.014401 0.042518 0.998992 0.000000 0.000000 0.000000 0.000000 1.000000
0.999784 0.013442 -0.015871 -0.000000 -0.014104 0.999004 -0.042337 11.322300 0.015286 0.042552 0.998977 0.000000 0.000000 0.000000 0.000000 1.000000
0.999810 0.011533 -0.015704 0.000000 -0.012189 0.999028 -0.042371 11.322300 0.015200 0.042554 0.998979 0.000000 0.000000 0.000000 0.000000 1.000000
0.999826 0.011131 -0.014988 0.000000 -0.011757 0.999033 -0.042376 11.322300 0.014501 0.042545 0.998989 0.000000 0.000000 0.000000 0.000000 1.000000
0.999849 0.008083 -0.015404 0.000000 -0.008696 0.999158 -0.040094 11.322300 0.015067 0.040222 0.999077 0.000000 0.000000 0.000000 0.000000 1.000000
0.999845 0.006684 -0.016285 0.000000 -0.007307 0.999233 -0.038481 11.322300 0.016016 0.038594 0.999127 0.000000 0.000000 0.000000 0.000000 1.000000
0.999871 0.003944 -0.015587 -0.000000 -0.004525 0.999288 -0.037468 11.322300 0.015428 0.037534 0.999176 -0.000000 0.000000 0.000000 0.000000 1.000000
0.999874 0.003941 -0.015369 0.000000 -0.004528 0.999254 -0.038361 11.322300 0.015207 0.038426 0.999146 0.000000 0.000000 0.000000 0.000000 1.000000
0.999888 0.002980 -0.014676 0.000000 -0.003539 0.999264 -0.038208 11.322300 0.014551 0.038256 0.999162 0.000000 0.000000 0.000000 0.000000 1.000000
0.999900 0.001835 -0.014003 0.000000 -0.002373 0.999256 -0.038499 11.322300 0.013922 0.038528 0.999161 0.000000 0.000000 0.000000 0.000000 1.000000
0.999882 0.001138 -0.015296 0.000000 -0.001729 0.999251 -0.038658 11.322300 0.015240 0.038680 0.999135 0.000000 0.000000 0.000000 0.000000 1.000000
0.999847 0.000348 -0.017483 0.000000 -0.001026 0.999248 -0.038770 11.322300 0.017456 0.038782 0.999095 0.000000 0.000000 0.000000 0.000000 1.000000
0.999852 -0.003263 -0.016906 0.000000 0.002611 0.999258 -0.038435 11.322300 0.017019 0.038385 0.999118 0.000000 0.000000 0.000000 0.000000 1.000000
0.999821 -0.007913 -0.017188 0.000000 0.007214 0.999159 -0.040352 11.322300 0.017493 0.040221 0.999038 0.000000 0.000000 0.000000 0.000000 1.000000
0.999737 -0.014158 -0.018051 0.000000 0.013098 0.998257 -0.057545 11.322300 0.018834 0.057293 0.998180 0.000000 0.000000 0.000000 0.000000 1.000000
0.999727 -0.016257 -0.016785 0.000000 0.014450 0.994610 -0.102679 11.322300 0.018364 0.102409 0.994573 -0.000000 0.000000 0.000000 0.000000 1.000000
0.999881 -0.014503 -0.005271 0.000000 0.013484 0.987259 -0.158549 11.322300 0.007503 0.158460 0.987337 0.000000 0.000000 0.000000 0.000000 1.000000
0.999874 -0.012345 0.010007 -0.000000 0.014219 0.976206 -0.216379 11.322300 -0.007098 0.216494 0.976258 0.000000 0.000000 0.000000 0.000000 1.000000
0.999885 -0.009507 0.011835 0.000000 0.011882 0.975364 -0.220283 11.322300 -0.009450 0.220398 0.975364 0.000000 0.000000 0.000000 0.000000 1.000000
0.999892 0.001286 0.014659 -0.000000 0.001393 0.983423 -0.181320 11.322300 -0.014649 0.181321 0.983315 -0.000000 0.000000 0.000000 0.000000 1.000000
0.999836 -0.003974 0.017671 0.000000 0.006493 0.989423 -0.144911 11.322300 -0.016908 0.145002 0.989287 0.000000 0.000000 0.000000 0.000000 1.000000
0.999621 -0.015263 0.022898 0.000000 0.017446 0.994997 -0.098372 11.322300 -0.021282 0.098734 0.994886 -0.000000 0.000000 0.000000 0.000000 1.000000
0.999792 -0.013758 0.015060 0.000000 0.014734 0.997661 -0.066745 11.322300 -0.014107 0.066953 0.997656 0.000000 0.000000 0.000000 0.000000 1.000000
0.999960 -0.006190 0.006440 0.000000 0.006500 0.998760 -0.049353 11.322300 -0.006127 0.049393 0.998761 0.000000 0.000000 0.000000 0.000000 1.000000
0.999985 0.004507 0.002966 -0.000000 -0.004393 0.999288 -0.037484 11.322300 -0.003133 0.037470 0.999293 -0.000000 0.000000 0.000000 0.000000 1.000000
0.999891 0.006746 0.013107 0.000000 -0.006326 0.999472 -0.031877 11.322300 -0.013315 0.031791 0.999406 -0.000000 0.000000 0.000000 0.000000 1.000000
0.999842 0.002260 0.017626 0.000000 -0.001801 0.999659 -0.026048 11.322300 -0.017679 0.026012 0.999505 -0.000000 0.000000 0.000000 0.000000 1.000000
0.999807 0.008618 0.017654 -0.000000 -0.008256 0.999756 -0.020479 11.322300 -0.017826 0.020329 0.999634 0.000000 0.000000 0.000000 0.000000 1.000000
0.999659 0.010753 0.023792 0.000000 -0.010195 0.999673 -0.023439 11.322300 -0.024037 0.023188 0.999442 0.000000 0.000000 0.000000 0.000000 1.000000
0.999721 0.010967 0.020910 -0.000000 -0.010622 0.999807 -0.016519 11.322300 -0.021087 0.016293 0.999645 0.000000 0.000000 0.000000 0.000000 1.000000
0.999675 0.015326 0.020377 0.000000 -0.014967 0.999732 -0.017646 11.322300 -0.020642 0.017335 0.999637 0.000000 0.000000 0.000000 0.000000 1.000000
0.999648 0.020301 0.017069 -0.000000 -0.020022 0.999666 -0.016370 11.322300 -0.017396 0.016023 0.999720 -0.000000 0.000000 0.000000 0.000000 1.000000
0.999614 0.024314 0.013475 -0.000000 -0.024115 0.999600 -0.014759 11.322300 -0.013829 0.014429 0.999800 0.000000 0.000000 0.000000 0.000000 1.000000
0.999629 0.025277 0.010194 0.000000 -0.025120 0.999569 -0.015215 11.322300 -0.010574 0.014954 0.999832 0.000000 0.000000 0.000000 0.000000 1.000000
0.999685 0.024797 0.003897 0.000000 -0.024735 0.999581 -0.015059 11.322300 -0.004269 0.014957 0.999879 0.000000 0.000000 0.000000 0.000000 1.000000
0.999707 0.023906 -0.003710 0.000000 -0.023959 0.999601 -0.014968 11.322300 0.003350 0.015053 0.999881 0.000000 0.000000 0.000000 0.000000 1.000000
0.999642 0.024089 -0.011683 0.000000 -0.024283 0.999565 -0.016739 11.322300 0.011274 0.017017 0.999792 0.000000 0.000000 0.000000 0.000000 1.000000
0.999405 0.026170 -0.022451 -0.000000 -0.026582 0.999480 -0.018248 11.322300 0.021962 0.018834 0.999581 0.000000 0.000000 0.000000 0.000000 1.000000
0.998985 0.030050 -0.033551 0.000000 -0.030725 0.999332 -0.019779 11.322300 0.032934 0.020790 0.999241 0.000000 0.000000 0.000000 0.000000 1.000000
0.998640 0.033624 -0.039850 0.000000 -0.034529 0.999156 -0.022238 11.322300 0.039069 0.023584 0.998958 0.000000 0.000000 0.000000 0.000000 1.000000
0.998345 0.036493 -0.044457 0.000000 -0.037638 0.998974 -0.025199 11.322300 0.043491 0.026831 0.998693 0.000000 0.000000 0.000000 0.000000 1.000000
0.998099 0.038855 -0.047832 0.000000 -0.040247 0.998783 -0.028505 11.322300 0.046666 0.030376 0.998449 0.000000 0.000000 0.000000 0.000000 1.000000
0.997889 0.040905 -0.050441 0.000000 -0.042550 0.998582 -0.031987 11.322300 0.049061 0.034066 0.998215 0.000000 0.000000 0.000000 0.000000 1.000000
0.997689 0.042835 -0.052745 -0.000000 -0.044739 0.998369 -0.035467 11.322300 0.051140 0.037744 0.997978 -0.000000 0.000000 0.000000 0.000000 1.000000
